200162
247764
207757
309
183910
174574
115058
253302
135018
123953
116102
255790
176875
109128
81634
18647
96130
207504
223696
157594
44893
241221
85918
228843
255325
245158
69475
236526
81354
253956
199253
249164
136533
128726
1806
82176
255298
27269
186513
11829
228245
176433
235475
255074
159228
107595
250475
231299
115208
185326
64630
183064
111019
195261
253500
238806
248746
191916
142023
19882
263019
237089
90226
253987
102049
62734
212099
190590
54673
277223
162277
273716
265315
246835
268913
247767
263458
255939
245079
249483
244930
245141
237758
259567
243356
257127
96615
264165
95493
244545
270041
273081
264282
239322
273082
239405
225716
242353
242366
141799