1022976531
51655233
51954678
33309188
35336785
40098195
79816468
23349035
1007745196
22407922
93448383
1118167690
52569329
1061714678
52899973
19308468
1003709334
1022338255
52232983
52083187
41767215
18153042
39806098
35485480
52004960
79843206
79977707
51792148
1070812990
1023890931
41799852
52860875
52752420
79307078
51819363
1024492353
1046426150
1033751794
79325756
20916722
19064891
52988695
31411308
39795700
51835255
1026278238
52281231
41580937
41697917
1067839302
52212007
1012385304
19585847
79828877
1024599721
51981124
1016016544
13191180
5868865
11318902
1120566386
1121908563
34001825
93086993
7507488
5996275
80062691
14265387
3161165
41871799
5945476
52763787
3163762
3163763
28978530
40272924
3283743
53134331
456867
79280874
46665498
52076000
1147688060
1012347359
5879776
11812809
457783
11225833
28928199
1013577239
5989679
28787674
1018440575
1070587939
5958489
24314792
12167289
52853363
53028643
79651242
51960971
79422879
1030655842
21013421
79449933
3020989
23973774
3120578
19206540
1032413393
9850172
5883999
2991227
2990797
7924753
6163736
7212953
37696415
13791819
11280715
41492826
25289364
1030606456
5657640
39558370
4412622
1030562367
1012357794
52761774
51869336
39655064
1070951835
51631548
2998532
52478146
36115720
1012324707
23659544
52845956
5958489
52478146
53154229
11445669
51738895
51895932
79288188
10885698
1058460654
13831583
26489878
1022382606
41116657
36276235
39711611
52195844
40088121
42078038
79413533
1048820090
70385524
21482316
51972653
96351818
31864284
80502417
66739411
36347186
53047232
31381935
23799689
1038797818
27353492
52533832
52899948
1023889820
1002255803
490687
51944854
63320391
20391952
55117211
63474182
1119667268
52562162
53048414
52394060
51964496
52960395
1001726050
2996716
1048554151
38465852
52260516
52164980
51972653
79330208
40029221
74244268
9856719
43479213
28865786
32298944
28916828
30005182
30042801
28916930
29508667
28955117
31922478
31387198
28722676
31381600
30320514
30406555
30342035
31527576
28786229
31656314
30966420
28867995
28873791
30385253
28893549
30660994
31529913
30517772
28919490
31436702
30505373
30508177
28727615
97040515198
51600548
52313128
63533893
52093900
79531736
1012394238
52547239
65738789
23434245
1022336909
38227604
49271127
38270053
38892740
37327336
34945774
37944175
35602626
35490305
38284124
34948726
37696569
32858554
37670986
33816208
33435228
33703501
38795995
33745295
38251240
34994870
33369841
35546087
36114104
34984150
32833580
35333188
36980089
39140238
37006370
33208006
35990371
37711156
38015126
35467283
26450315
27233090
32683653
51550903
43692092
52774934
37842343
1069256237
1022348160
80740715
22433588
1110262007
80746040
31474660
30388601
26256071
1012388084
23621947
1018451043
1030550399
39800218
19322666
328326
52366457
51930424
52522131
19088551
1024528852
1022971380
30343032
1002807873
25675616
1022945776
79897040
2829505
27751978
40355127
39767216
79456311
37698185
36621534
21003611
52896769
65712472
53130025
1022346570
23366568
52116632
66811918
1022943106
401180092
52359298
66715511
1022982667
41517288
17356861
74347119
1022969908
51688970
80310261
39767609
51949391
79728849
1022935221
88031376
1033730148
57446282
6007959
52026961
6031422
97051100160
1006835341
38264561
16191318
24156766
1014180822
59686765
1015445667
41492108
86059751
80173877
76265108
80154923
6771232
52040271
30966412
30509962
52394305
1014183087
38204103
30647064
43866145
52792380
48680099
39802461
39521394
52495062
52208314
63252235
19377998
101540200
1014211800
40189665
19235956
52395339
19447239
59794864
53063461
23497060
79455502
26628938
1014246147
1098671435
30225583
41455033
19229355
41650924
1016037681
80795026
52326951
1014237488
63469659
51831745
5950143
1058324228
1014214645
53038547
52820464
19318801
1120499776
40362112
69010280
1019110149
1094914331
80414185
1032412829
39744466
41615601
51846820
37888492
52183341
65719165
39583722
1082746258
55182916
52910527
1061654435
1015490914
79346216
1117510828
13685604
1014269882
1094919307
28588328
52301894
5771039
262664979
28182764
28438933
28429345
24730697
1012380429
52298538
52704718
52973600
28697655
27233090
4138305
51594162
28682268
52233230
53029496
19080189
28662500
79290536
28632774
1032427300
27961035
28630786
28429307
28675294
28688538
26793885
78746935
24709977
38225895
28032405
52518270
26449876
52656806
26066953
1030540153
5046711
80204852
35393897
52881579
52037222
19209634
20814708
2258730
41356366
2859960
32864593
19460558
22529304
41779955
49669689
39266721
24718710
39720231
41557803
65749554
79516818
79342000
52090979
79658828
21239553
1082124790
1109380883
91110298
17655522
51815460
28557860
17154927
41495130
524400355
80180981
39449035
41585024
57450720
19589762
83089191
80226439
4069217
52528550
51844486
65716430
52105476
52344706
3909753
3256039
1006003992
1105674848
51803121
52955154
65709264
52543086
65696229
52088932
41556658
4131929
52233222
1023890095
1032362629
55163126
3250119
93120349
41794310
41442194
51944616
28684582
51967809
51833732
51802130
52053208
19369420
2008817
51870848
11293029
79700787
17197542
52443649
28855924
51969568
52374015
41672510
28789231
33355259
28833634
52238741
1010196027
39632184
20169772
24179204
21015574
79258375
52896010
101902038
28864831
41334176
1033727674
23783636
79666121
30387351
80259560
52365675
23684398
39737258
52379364
51899862
52232348
52159772
1031126105
1033766663
7419804
52236318
51858259
55180018
51779899
52231543
52377005
39616245
52231309
1010166311
39720731
39673143
41774455
39795040
28588930
28757079
51627636
51744345
52025428
17281089
20338577
23359655
28619942
79893671
24091060
5978080
42006544
76004065
7688808
9870551
12914880
35489614
35990796
38973688
79570447
63466086
83043220
4071310
35508333
3231739
1010180733
53892292
24173366
3219527
1004610595
42158904
5219565
52461782
65730610
1022923311
21119161
20302083
1053744260
79907989
19338712
80371680
8828681
4116801
66703181
28927425
52225388
59680582
55164805
39623996
39798975
26638702
28613523
39799272
12796200
17220915
1007745196
20887784
51854071
1085165814
40768330
51651398
51680554
52362297
21030791
11382961
39584704
53134579
30002255
80253731
52546437
52545735
30798550
79701406
80180981
4163966
52760150
39799489
40217595
17159732
21003542
78707441
52198179
38201573
80066771
91067613
43645078
15663289
79368405
52644264
26559933
8415966
51586000
63493957
6272929
70431244
36311455
38203687
36303293
35473672
19479821
39723176
19128917
52557348
51673687
41597025
28684320
39657588
56086005
21060826
65713461
11481055
92226266
51914554
52918628
36172485
40781905
19368382
20088576
52460170
3448649
456385
3077364
9172897
8751267
5933483
5842055
3162197
3078409
5571841
4238860
10169094
6316628
7513556
2288317
9809435
6023724
2398655
3084847
4889706
2896668
10298521
3093109
347602
2877271
5989250
9350699
4217366
6620584
8731868
8374467
49697721
30344632
65586918
5886097
28140122
26948765
30226083
20461815
28683393
10163776
11413846
28544520
25127677
9775461
2979202
23780577
21199589
28626927
26574610
39616988
52035858
52933527
51774513
93438324
1022327729
52186160
52992134
52306926
52470638
1030663768
37257579
51659776
72275851
1047336074
52198088
52368739
1015997210
52160300
1110463832
41376171
79453854
1073238203
1030600116
52473011
51847672
5952686
80231097
11252978
1022338649
1030560272
21176677
79300604
39801516
52457016
65589308
64577828
51584358
41689035
79637915
12253287
19471673
1032409077
80266933
52294536
52952311
52368243
41730563
52156811
13843062
52238668
43643516
79250750
55143170
51631248
52750529
52172354
457312
6910903
39648986
79908029
5874318
1030597947
1032481006
1031612804
39574092
13956905
51551703
41695136
35734248
28550963
1022936431
39654486
1012372675
1026257247
79223449
1024531009
52090672
1024513057
3079509
29155007
5867872
52385559
12980173
25733289
35526082
93121579
14269958
51943927
1023893239
20587389
52059267
28587500
46676198
52513632
51827557
26453181
52900979
28612588
36294934
5871114
37123961
6649857
52491174
17144154
19446237
39720006
53154321
41708220
79382577
79278090
13489022
1023906438
79379403
94490215
52734424
60297138
39797923
19451599
1023479283
52164217
39724225
6613694
2301828
23754923
52177260
52300274
52178058
51643538
20634111
19279170
52478109
35376181
52298429
53083315
24163241
21067597
51942922
51942479
39647263
41923193
52025039
1013583632
40362401
1111200113
53092101
80166157
423298
39715662
1012345385
79992007
39650564
53007519
53100136
16112747
1033763866
25112405
34547181
1030585147
52971285
30024079
52305251
52376420
39633331
79276386
52757852
20390931
79844354
19202062
80155997
52311040
91018110
51881017
52079956
53083362
51587464
52466810
20626620
28968473
52215074
20865457
1030549452
38255774
52177312
1012373381
79886396
1030521375
51571171
53134132
1012361555
52952467
1022397613
52361946
1110443489
4132877
19196185
1022365040
1022338679
79615786
7711112
52437600
52075439
1022959420
51945261
1022924514
65797164
1106392212
52037338
52562275
26604148
53100197
1012336522
52655368
2066287
52291352
10121713503
51938253
65744899
28116038
1012344566
39171488
65808221
38681481
28788362
52067508
93348314
35476590
93476458
52241477
28440523
35893016
51737834
45505336
60293939
32734648
52372155
52171093
52131524
1024539145
52278575
28869671
35512847
1033690430
80773118
53100455
52540684
35494618
39754372
79357281
52240763
11253805
79697744
1023871993
26559679
52874304
39797177
52826571
52480393
51847325
20485290
52368197
52022666
52351560
52223140
40206015
15571284
80807721
52359438
51810755
52545262
38960300
52279895
52434438
1000348591
1032416935
52447224
52057366
53030061
51709002
19311602
41799931
48605165
36955029
35116158
52185947
45620811
1053222036
41503918
41118309
6524392
39310685
83116575
1012356569
80050023
29350930
12273488
28588328
1005854809
28952707
52757235
3254308
20928061
1015393356
52956498
28755231
52466021
11387267
53094296
65808709
52373548
52560257
19417408
1032464688
52372778
80122598
65680159
39709352
28647560
1106948590
1033765060
1033723191
1033729498
80049175
1033711206
28870079
53088484
51590769
35487042
52240908
35525918
1012407227
52896683
1109861399
55774115
29356371
51743870
52918936
5969914
93461785
52303471
39314089
40627573
52297164
39637849
51596755
28612685
52758850
52233151
80121182
52324202
1129532114
52208643
52473540
39641623
1117813693
1003704022
51784018
52299061
52757213
1024475987
527622498
39653998
26571993
65790633
1006069931
28686316
51691297
52635622
52890212
20368446
51934708
52873479
1010190065
80439544
52092659
52359125
23507079
52303745
71351724
1024173199
1032120255
23965938
52545143
96100409930
5952623
24758224
4450556
1110172731
52897284
38249074
1104698508
674465532
102050023
1020742654
1069744554
39651656
10243641248
1024493824
28687065
93293778
3269300
41581976
1061016820
7491993
52558329
34986832
34977355
52177802
1024529507
17102628
1022991400
52048996
28954244
10245401416
52345693
10545312
65497558
52811442
51628250
79882421
46679098
30341653
52987048
39773756
1020742789
6794673
5831244
39561120
35513324
40381398
79237938
52918498
52028704
51938297
35508953
52368632
42492825
1065602275
28889228
65726712
23433466
4146739
52395068
17072144
33600036
1123560713
21135468
26478204
1003560963
3161843
4899622
1022444756
26315338
79667222
15987780
1028185131
41754746
1033767688
80490520
1026274719
52268756
28690315
52053053
1026574367
14106254
52741446
1033712295
1012416740
70725087
1084576575
52032190
1024541013
13958411
88248736
68252316
1024554164
79425360
52507611
26458078
7170819
28612988
12144272
35378468
1110453013
52553796
39748023
52546676
39625305
1033779854
1104776371
52360260
1024506670
53016124
53090853
1024558815
52035073
1024469563
52759116
80251866
52037652
80387573
39632247
21087925
72007044
9176587
41759916
39461959
32195698
68247131
6709595
3255907
19164649
94456919
35225121
51742024
51745115
51978135
28565564
93445031
26337486
13761886
27522244
45367671
1023928122
52431465
52104418
52792868
55160632
52281304
51597142
24090747
1033719623
26366663
53045004
52854100
52908352
52849947
26582229
6656483
51947422
79451828
52902590
53015491
52342698
53016653
39780892
52644577
1088259871
65786988
5868833
24040089
60339187
28881021
65791322
51824896
52740773
5118393
39784730
55152791
26448022
1010219436
1024524988
53062142
83182086
50853219
52927390
52334074
51588911
1019109924
7697449
16114929
5243936
3253761
5967749
5886086
4899622
10062082
5999826
5970353
16210715
5842899
16511823
7731130
12023048
5892820
5970138
4334031
8370240
3086966
7518169
17170393
4145429
17634290
5772813
14270009
12253899
14195538
4765735
14279647
15372615
12247121
1077424165
51950674
5772232
39638663
21074685
51828388
39521186
52463875
39819493
79996211
12104124
51822423
39663232
93349335
39653269
8000917
53103785
24757031
52201566
31036672
52506843
20729925
41795074
52010666
36274962
19066665
51993920
32753225
51869842
1030529589
1012383677
65709573
79510250
27433159
51770073
52918895
39659435
79560593
28787803
52383285
24756688
51852089
31221537
1012383677
20571790
25080172
26508819
28033757
19473894
19404657
26263562
23350977
25272967
26543340
24869191
20429871
28646608
23422289
23932456
23966203
28205587
23932342
23443290
20773600
26479973
28544385
19060702
23836265
24080812
28270082
26795197
26437409
28614031
19357458
41493752
51736525
52466764
1033732268
102456824
20964966
11522584
9857023
4052780
20457721
5997269
51826939
1010215942
23532776
79406647
52725760
52535973
5947505
4104206
80236315
1094908910
51830129
41946948
21619651
52271095
52541449
28721961
1027210214
23700522
52373888
19404780
53892379
19449945
1007396396
52235040
28689331
52831895
1014258319
17194487
52305812
65831182
79577621
1012354642
14010604
1080830730
52172863
1022340368
40332520
10201280
9816981
80919332
3079126
52331604
12567888
40342438
24059438
24314749
51905109
4766041
52299536
19319083
52229280
51818459
52807665
79616731
24875308
20505314
1056994124
52465653
24018275
52039186
28284832
52807665
51579755
51615582
79627234
51981718
1022341749
25878503
100303585
52973575
93419108
1096484066
1012354642
5064619
19348567
50896376
23627947
45715872
51945579
45754434
1087784891
20822998
52089643
52173643
79116554
1030656002
1074153564
1100622194
10060238113
39639755
52840561
52842129
52174424
20700373
52194463
51851539
38246578
5290853
1083915671
65716263
40732471
23376191
41727862
66988836
79708811
28870138
28697986
21476643
2868012
1030591961
35903789
1026550098
21465947
52299174
65807551
1022967612
51743303
38248419
1106482633
79842093
28955861
66683340
52273987
40764972
21047383
52506460
24738262
40612386
1040260015
1030565540
28694279
1000322972
1026253322
5888818
27297862
65695330
1061654642
1061633257
65810317
39549163
51669975
51821141
80417720
19364422
6092795
52505535
35507712
52147671
35503633
52357015
39783321
33282053
51938847
40367592
12539472
1012371011
51777607
52376559
2941575
52015595
52392002
43417152
20914689
63463794
41767965
23875225
24221772
40601022
23782025
518140463
51959214
19342996
28479129
20363280
35461802
51863971
51794661
41681541
52540752
52561527
52392589
52524618
8047180
52103001
20351832
32671761
26620036
41448496
24221706
30024551
36995153
41446910
40270532
24162638
51942641
35335549
52123058
20926714
28869255
51742289
39745652
20367823
53083315
22159727
51982935
35459813
23964336
36291150
21031769
40774266
36172358
41632208
52503531
39559172
51678575
51924710
51851483
52538023
20903390
52831901
40049052
3103672
39710137
12205524
51666634
28657335
30406568
79829374
39747801
39800492
28741660
1071924360
39450470
52287701
24059438
2865735
1012388127
80251405
52017614
1030535381
1030560811
17105095
80007981
53031248
53103509
1012393363
1022352344
41646324
1012323205
1033865683
51714988
39711498
8714012
41716009
19243618
38203034
1026557954
1103712796
12167918
31421379
52368289
79537344
40778735
19368577
39793378
17017808
19060884
15034846
1013590335
12583953
4379494
43469231
39622392
21933154
52127368
52122501
52741888
39797472
12196388
17684346
52128240
79320901
52696578
3114922
79908539
59950558
52166543
53340600
48604167
28958402
41642833
52293866
29687041
52205109
5286985
28880551
28742170
48575010
39777376
39812301
41419004
52109387
51896811
52243611
52242779
24718458
51763039
41782000
28612054
1395316
41361162
1003626181
12253899
80002687
51729913
5862537
52374876
19404657
39623955
5928142
1033731795
52448247
40218640
52163482
52129742
41684702
5977519
52293066
39639412
25286140
32868975
31490889
39427773
23729943
38364597
75001415
10289287
20792143
7726776
33308175
28994394
1023922823
42015336
52377316
72454434
64568281
30798225
36087530
34658667
52090595
12795973
39423753
11252540
30972248
41452159
33375398
43149257
3159345
71740372
35899363
35604962
1023949014
23552801
35376699
39547058
23876054
2013587578
35489405
4123082
23582329
35603465
1032420360
38249862
12258772
1030532712
80407624
52344577
1012381802
53890572
1012372299
21134448
28956193
1022414691
1033683580
52845533
52635932
50984014
26472330
27713586
28936892
5805098
36112379
36113630
59684046
40382877
21074685
52755700
20428434
52845441
79232904
52804363
53096617
103624304
52777514
52158197
52783558
39545079
35505077
4138079
79709837
52177791
52947053
52766441
12232064
1069179336
41495378
1022352344
19459265
1022349606
20716378
1024549106
52051301
14279344
79663915
80825307
79581178
20490886
52147908
52460071
32407319
52466221
1012329259
36668473
1012346185
1130594094
93132323
28657825
1030571453
52522480
24080875
41399935
1024472283
37547147
1030590977
1012416890
51890920
4104390
52872398
65744899
1012391372
43459266
20880720
1012391780
52055207
35377370
19420839
52843508
23474208
52435666
12257065
46453124
14435255
35461224
79962792
1012319352
52110555
37580266
37697354
41408468
79637475
1024490406
1012402925
41936136
1061656937
52347131
51613568
28879126
29294303
52634517
52160923
39702785
53015100
39801491
52978452
1016028443
1022378620
19483401
52479033
51951089
1050220585
26478318
51600919
26450132
80809024
39676537
39646847
1022401116
1030633028
1022950538
52839307
52973075
51746852
52972213
23653321
26437345
22433588
52076469
1030624363
1032469435
51951987
79658149
31260346
52308605
35487967
35318862
80492167
41784253
79135208
39754670
20644910
35331762
73193776
93359442
39523974
40625176
2405918
1018026189
454624
80492429
19108408
1016066256
96428
52981359
26477708
65815275
52393619
52323713
52763399
1005727493
39700301
24309119
52434145
1016084420
38286074
52321566
1016042976
1016041181
20685588
24178460
35322031
41356612
1015995606
39753579
1065878802
40918190
52537958
20976621
52084721
79867046
39021752
52342196
23620198
74370700
1110445875
32768620
65793921
30518583
12400874
52148521
19345551
53067997
52736294
52497197
80422038
5710343
34547049
17098894
17317472
52222140
10190311598
52089628
41478918
41684344
52534150
19488906
7950138
4238904
52077731
51812526
53135492
1016034707
1002299910
65729653
63252159
79642999
55148791
1099546301
80253534
79188774
1030566480
52300002
52185720
19051412
4139349
80733783
28797136
1004344669
1081728741
53093547
52200876
52377781
1074486091
39671300
51691314
3126449772
28984053
1012373945
79606989
51647588
17287844
51999377
1104700188
52753374
80931436
52480189
1090177360
51968771
1057488564
39753524
51974914
51992218
30331673
42096270
52896582
36640845
52194736
24049775
7010909
37396210
52482776
53134414
52164201
1010110014
14238401
1030542836
1012375363
20909819
41521201
5208541
52356650
52362270
41493675
79334250
1089905757
25220776
1022352353
28984700
1015998603
20500998
52356087
52409587
1023939138
51980529
79482464
41698396
52160953
60372866
16112173
52836030
41623653
52444606
24770272
36288997
1013624573
52014235
21061109
52581064
51807514
52731723
10136118918
1023930050
52278722
52361096
79484646
79410279
1023918442
52066665
11162365
40514745
20829231
80177875
23652405
50969057
40778706
26431098
23751423
80402195
41548908
1014177864
32144207
26616035
21589822
1129519691
38281905
25602530
23106721
12275081
52810705
15666735
1110478833
30997709
65716721
80321696
28052702
1005727284
36516593
39554954
28915772
39788185
52972000
52073404
52182982
28722538
2940093
80420860
41686185
17338594
52338380
79372634
73141927
41680451
52325292
51766289
1020765503
39692276
65702966
1099211328
20701066
396465
41787429
7817385
52340117
52268032
59670107
52223053
35510655
23983975
28821145
39706830
52396053
52584086
18777239
112270765
52788907
46675944
39561682
51894604
52167535
1143927873
27721033
1030640451
52310515
52306747
24861733
52173680
41392430
1128106100
28880720
16114306
1019031007
52913421
12228452
55130415
53131418
52340649
51971853
51786145
1030638820
52061845
52824835
79392261
65679129
51773189
382850333
87512114
52506455
50721153
53101857
29108187
1014212292
32541030
66829378
1084251180
20666875
21003171
1118538595
36375882
52982604
53894760
52332779
1030640609
51834510
1012373857
10170984
41736620
52121806
1024548015
16114266
53007496
52367628
39643831
19196301
41414217
40271715
52384314
52874869
41472910
32002339
52309234
52100417
41469525
52240038
52514015
43159124
35491752
27315288
5831497
1023876291
1070588904
1023907667
1110087471
39794101
1111193658
41699862
39713839
39575997
4703041
21365628
52716069
39752422
33204126
41741400
21136181
1096618615
35560284
35485894
51894183
51678816
41760932
51664330
41714888
5978226
36501500
51592670
52125431
19431348
51733915
52012749
40725044
46356993
51656913
51673856
52448103
4310024
52222993
41673248
23797930
28306721
51746490
52883149
52504856
41537510
51904619
51720556
51664367
52304047
52434675
19080392
52846609
51911572
52520269
1087551296
35890718
80919407
39797225
523916047
1013623225
41536198
30854625
52366748
46451132
66832681
51936340
20767859
20427459
52506061
52986985
53050398
74324489
26634292
11200943
53097014
35503850
22238022
30669258
80878747
46663003
10258341
30881907
52301563
52986330
80375080
50954307
26039484
46668054
26441197
52187996
24198842
36059251
26147096
52759691
4160022
24758772
21118734
39694134
52344911
1020797936
52333952
4668150
39191388
80440031
1016000970
52768437
52776336
24867814
41561146
80834016
3220687
52312282
52817559
41724093
1109492003
53114119
23874438
52954990
23292594
21032493
23805935
52298926
52978621
1030524000
51820584
21087656
38285969
23783478
28267432
37213210
41767143
101680964
51916566
1014225564
52462008
65703142
1030660042
20429890
30665880
21031050
52302450
79278687
39715893
52528231
24081422
52882457
2948602
41782857
21094628
53075593
1012367132
52954303
52299781
51868558
7922851
35254211
52760841
51778499
19155268
51646633
11319199
4251489
1030544036
25038163
28602747
41482664
39723672
51607474
28954736
65694300
52770340
1022354094
51571350
52767115
39530168
39638311
39640873
41436906
79293916
1030545157
19117648
51935767
52932409
79647793
39702612
55060379
1016023513
79109478
119405
41774748
52021041
52717388
33985116
33366818
52882009
23629174
4002894
52839065
4598081
931441
1001054223
53090363
52095152
21665446
46379929
12195647
52018988
48656976
37748663
1070968985
1110061212
53082887
77014716
1012357856
1005870457
52110722
1030647030
52176323
28427946
51656340
79527946
52843008
39541667
51949879
20804307
52266987
52769853
66992088
85165176
20587645
23351942
79876725
53083280
80380499
52914866
36087736
52748603
19388414
1026555497
52770336
79672364
19187914
39699350
52486906
41739274
17305675
30386564
65764835
1075626307
52976657
65714705
80060275
1072364202
52492838
1077085753
51949822
14399028
1032375629
1022355331
1023400764
52029280
52048969
19406351
1096906322
11030635003
21481709
28796949
24188300
80443372
52870661
12104124
52368621
39765597
52447981
65828783
39619684
52870157
1106362046
52035607
93421254
24868119
39717641
51988636
52871451
52129801
79822475
19488621
53894646
41642794
25559926
35252016
52742621
52111203
23882795
52707417
45768611
52951499
52236911
51660485
52072135
3231013
52147377
52753481
11312094
41780879
46372047
35485480
1033710874
52147908
79660716
34675978
51867394
52539475
20327174
39610845
4015715
1032475851
1024540136
39739350
49553475
52865072
24226572
41600160
39637854
39697690
52240980
1109413599
51625465
39651697
20904017
22246865
52362072
1033682996
52489081
20490359
52870799
53932440
51972408
5934052
79250887
30711115
51680213
52457353
79826485
66702309
51569115
16509936
52996661
10245511
1024475633
3101588
39651419
52458944
69026481
41699480
52452660
52039929
39632890
1098407523
65827187
39567176
2257609
39721586
50958765
59533117
46663984
36624758
51711469
51612487
52022459
52436902
798035
37002771
37542745
51589757
52490217
41574120
52553509
26527534
39548849
52182177
49737520
53160372
52788771
51591282
52555147
52336853
1015411599
1014225194
17105142
19318523
39540745
25137888
25470155
39535986
79112211
79813376
51907870
36153199
39805523
1041890466
35510231
1052313215
39771428
91262780
52657396
1019091482
52801593
52160078
39521216
28732959
20880708
46662808
52694814
52701762
41405523
3079618
24213460
49719524
7721218
52356220
1015406843
28411799
1014223720
226035
91014373
37543763
52601173
39775742
1032391962
52416461
41510762
35312517
52929305
31627451
79307602
51556253
52491406
52277152
57407615
1020759291
14397329
1026259686
1019101827
24213658
28968483
1019043310
1057462711
91537471
40027745
51744985
1032369750
20352413
7490116
40614650
53097013
51664237
25275613
39647571
79837825
19278609
3129140
52287197
93477237
51825560
51691181
28838439
51834639
21177445
53930799
65752681
36279807
52030582
12205524
32691189
1030595562
24714170
39634150
1014235730
1022336722
51759598
80370443
65744899
53044094
41536392
1022342976
21939932
39634839
20394985
1022409352
93477629
22639566
33676034
52795167
79901274
191814
45483468
1030631645
79369442
93131598
19261528
39563022
50996357
52238555
52064330
52281003
40023649
52848784
55201036
80827766
52558342
79524994
20469404
6030577
52375685
39677356
26458470
36490669
20369839
1004374862
91360040
41658396
28168664
93288303
51868596
26688902
91013815
79881857
3254205
1026283800
53082596
52128076
41692527
43457681
52744603
52971311
39715144
52456203
1097332309
52191542
52125951
1033737998
52122850
1002758623
1032390476
60306514
20938730
30225477
23620120
53041444
19319417
1001167163
39633663
51590762
19113782
41714811
39729641
1024507462
1024501394
52543373
52974295
1004774074
26945844
1023907981
5852654
16860258
19337888
1024523657
1024511123
41791264
79997940
52956357
53154471
80062499
52538367
1032412830
19274291
52741655
53117240
52965352
41472910
52744323
75001464
79629996
51924558
1031122404
28822480
51857505
52764907
34616261
80367971
1069052618
79755766
80242564
12144571
1106775928
41499097
41710106
16929695
28979360
52132810
18926492
51872896
28977751
52553325
51672061
51868174
1032357393
4053464
53139360
80858609
28575668
51814048
1031130629
21231651
51980830
24079377
39634204
80772861
51600731
1023864749
1031153240
33336858
53116199
52376223
66928330
30082569
52083780
1007728316
52445933
116240003
80413131
1032360776
52372686
1023894659
52731631
25348080
2082226
93083785
1000223631
31165702
1117493313
28916234
24872305
1015410984
1053558816
23709956
1012349396
28204916
79924189
1030542960
1110498609
1018463182
20407548
15987553
39672863
51620248
1075667445
83222104
39531443
41225976
52309639
10158444
80829727
24756334
1030573117
1030592456
91301176
52780144
1032363749
36171122
40092238
39659128
42966449
80028748
35489667
1023879628
1016043281
51877601
79596015
52544518
1031152440
1129534832
51796528
31476761
35493109
52230559
19109340
24031679
32777585
19382541
1023863235
51848143
52369225
52230122
1946491
35331606
52356719
1031136407
1067031001
41575758
60331287
1220523167
29159297
51695926
41524966
55069790
28715984
52036363
1077245690
79729446
79341707
41746477
52441914
79905016
52745529
53045498
80912175
1023918169
80251855
79212604
51762461
41745996
80126188
52065972
1033703553
1010215861
79664605
52377197
52278270
52036690
1032421438
52855268
52729519
52123555
51896054
52536237
52636114
52824638
1033782363
1023905637
26296376
52388787
52277032
1053327846
1006094980
41719626
52284494
1010196836
52480053
52882068
41732322
53047641
332743739
3979572
7175489
52448004
53013128
102388154
52545230
1013597614
41675652
51650147
79629691
51606770
74355349
35493542
52293687
1013623973
51607993
52957036
35286097
52955393
52880079
41548652
51586919
19136260
52095748
51623682
11105676814
52851502
1023883039
93664513
42008310
79739988
33677310
52032568
93337662
26371198
79149221
1019097444
25315363
41225147
25233194
32255755
1032407633
20744197
73547847
52801467
1016043726
20922288
63517578
52929906
23964985
79781497
52280443
79973235
52396309
36181288
23671728
70526544
79359392
52256429
35506297
52455244
18236077
52077566
12226530
52889580
79123639
51825897
79890360
19382158
41571913
1051741444
19235763
30744366
39689136
28723936
41527790
51587539
51662256
65751174
35408191
1015394173
1012374226
80471444
83228662
51693657
26575625
41749051
52985694
5915391
42496070
80068975
7687773
51720429
41590349
68289799
52329786
66226634
52228622
51992341
51982970
49698397
53099206
4895674
39523149
55153331
23629953
51627078
51612684
39711398
52916748
52316571
51646671
6331230
53032084
1016018863
41683088
1020769690
52710351
1108929382
52116448
1010181003
52118024
1012322296
20671753
1024555826
80280164
52769181
35353566
39785868
13790819
9265046
79993349
52906055
1014235213
39802592
52431138
40020472
52193539
91003814
1022342037
51773149
39723450
52073592
46679250
80161259
52800600
1012342323
52888671
1022333792
80722725
1017152515
39154739
527171388
1022964997
94445144
20484203
52225328
53093648
52972265
65700047
40622247
3064677
1012355983
52930022
65589354
52760165
39644535
51908576
1033751542
392928
1030648901
28967764
52503892
1000133550
49692192
35529746
11447193
23562157
52812707
51726037
40784987
39650707
39665016
40265743
20678948
52178267
1082155128
41766482
41345277
1000722369
52757434
52981927
39632982
79714279
66953273
65787367
1030629482
1110459769
8463366
52541348
39560922
3058178
63391503
39694691
51820939
52791526
375786
28140501
65696339
52711519
85454619
24825039
20212128
23551523
51603783
65756225
53046078
39566060
79881332
1030585685
24041625
39407936
85161708
23474938
53134436
30225871
79736889
79451436
36086791
1012318069
41738379
456922
24651838
39541611
51723986
24705303
39763257
53076032
1022344738
3220929
3246890
7997940
29113485
1065576156
314464
1010523724
36282240
1041965298
406919
1014235730
35495010
51995619
52878178
39694400
39672186
40272888
86081998
24038069
36182073
6578502
52036406
51821047
23301218
39642082
1033706355
37670832
19451083
80854517
53891694
40276738
52868949
28821183
52448488
24755336
52795607
39795142
52195666
53892292
52235081
28732302
79436524
42841465
23800356
1033688037
53094107
52856661
52644057
1031130830
52218555
39536065
52283249
32662141
53115525
39719505
65752092
52058664
4241852
34058691
38196335
1032376519
65808134
41791785
17320621
19179209
37695749
51963389
51771762
8427333
20699814
52036723
3829579
5884018
10069720971
27961007
52776139
20891870
1012399014
1073686474
52935180
79997940
23755460
3109612
1032421185
41632067
1030628229
41310343
1004247248
52753488
52326666
79993547
1060651590
1012363722
4457464
1012347634
79562197
1030639730
20871433
4483657
1012380429
52918043
91454444
14272940
1012362895
1085927891
17304627
37314868
1026571735
60331117
80725482
39673467
52312318
1032419354
1032427338
39665077
52394488
14243626
1033688154
52449877
52298538
52490987
40395867
1012396870
79991068
39534394
52191582
53082064
39422546
41623112
53166368
39705443
52957022
36294343
51715749
60346235
83116339
79800218
53167771
1015430554
14697113
79526497
79978939
20975836
39762187
39670860
26945458
28864196
1069402338
63320391
52280820
22777321
39642543
19213377
1081700040
19308212
19221021
151069
52365530
43072891
51567095
51873985
19450986
20264321
51600847
1022330882
28423513
52734662
1010186047
51645930
36347942
1024464355
33875338
53008755
53045991
6014283
6013482
1080591276
52312839
52452456
28411774
28929502
37252974
40080708
5554953
49692493
1030578334
52076705
52764555
1100622194
86004188
1030609775
1030561420
1033770460
79630850
80437885
27405481
22801552
5773485
80273411
37698128
66780966
1030566906
63355606
52497910
53102696
26279218
40512865
65712514
23801221
52322583
39658851
51917574
98381456
23925919
1030532294
51931238
51920135
25136196
73571095
53102693
51851539
51999074
52520234
51703928
28746928
1030562560
52249540
52443663
52326912
35378936
52471069
41459591
41470012
43205247
52506455
65555899
1012349969
1030531190
20662357
52487338
1040359095
36171909
51557142
72040790
373515
30003815
20342822
79852858
51981310
23755953
28438504
1030656002
1030626764
41306376
28956018
1024487868
24738262
24870428
31898862
41435683
43277350
4488923
24866688
1030550645
41436328
49688683
21205966
1022941800
35324503
51843334
6024948
1024466783
37708155
52466528
25489364
80746008
80857870
1024526527
20964183
1118023322
39655850
39794683
1024476893
52116092
51603731
36458504
24197764
28689011
53095133
52253707
63397922
51814477
52155606
71002254
1033717881
52739209
28758058
41768373
65791669
52242605
7304758
1000689332
19581013
19131442
11319020
1032379998
28928611
52099666
51999483
29202086
33703657
79884229
41457245
52741247
65790183
52635463
35251852
1109840556
52291063
53090011
52302929
41472910
1022958475
29286567
66750330
1006530843
1001048494
20469549
14196600
52743661
52239372
52918162
528266441
35489252
52372421
21665054
43120029
1069432659
28632640
55110591
103056326
51912639
1030593412
1012320938
1024523222
52600263
43458891
42941458
32394034
36275833
52065492
1030620266
1022344311
79481680
52970489
52766240
1069727311
16115663
55189444
1030550987
52400683
20816110
5859727
52090540
65800131
65767171
1110466028
1030580225
51921287
52533522
72240114
1030579752
24865640
27741481
41321861
21476493
6163290
52463438
1030605046
20892648
51953863
51820479
20278410
52038741
26328773
39641988
1012365912
1061087844
65699696
79473227
11517512
28603771
52029589
22979310
33875352
19477315
51858405
5302813
83248742
52464138
42995960
52200906
28636823
39643862
19284611
79908071
1016039204
51787426
1022349008
39697113
31965256
52479660
24040581
41769018
52773140
43754672
52330237
52030358
52462668
52155739
29843294
20308799
52918085
52067013
65775216
79697943
52168427
1013585148
51670924
52532504
79341901
52072834
80005941
53128930
28656659
64569967
7504410
80357129
28929238
52771645
24868064
24807399
40042243
52775667
28657014
52329987
52168762
20662406
24341469
51803550
53044882
1023865572
1103712454
1063168811
52162450
41609900
1033696131
1032373486
51940701
51674574
52728557
52286100
53154765
30024416
52367167
19438019
52580694
52751439
79256470
51834730
51981018
52363782
19216690
51920987
1023911954
52060412
41701554
19438740
52188106
52725270
53043272
66852986
80279962
52882064
51567192
93116156
65554506
52829143
28796565
52716454
41716959
51970749
1033683282
80727063
97050300459
52449526
52091426
39799769
28901321
20970673
53005889
51957566
1002678195
65831042
35320669
52928821
13057553
93363781
79280292
4568352
1033752920
79919112
20585703
41599113
101591
1022947921
41758556
52070323
21223616
39801148
52477658
21183418
39718000
14271781
3908428
52207970
52132272
1022988296
1022978271
1022939169
53038613
53128795
36304405
51668962
37697403
53097615
20666574
53090471
52011234
28715764
53016017
63254350
1084221497
63362265
19227268
79654937
16238604
41752055
1013661955
51909782
27142631
51828392
39778629
51751240
41599113
1013645980
1013616513
1010186046
2399766
51571819
36758423
53115699
65693030
51827437
37791031
52954916
41796243
52173428
1014200525
1023909156
52900621
41690217
39718785
23932429
52162894
65717328
52013179
51828950
80721877
52849312
51625958
52190428
22375067
52116996
51799098
51568130
51647515
51980739
52444307
30204578
52275283
1026566514
52790973
80207191
17587384
39715375
30824150
51986668
107620381
79956839
52450803
30727323
35325335
50970462
52903054
80435829
70410688
52503387
21135706
17674721
3000118
39990057
79373284
102236925
52092641
23498959
1110262007
65777583
43873330
17115416
51950390
46662756
1013399416
13723786
53103078
41469542
1010195575
15911150
1618444981
53061328
19491823
10252012
1010179137
52981202
79909852
26039619
52728718
3963879
52219352
36284625
4545308
41718255
17672860
26520173
1024463607
32747316
45621119
26293611
1012330532
65711291
41056599
29771823
1030597517
1086046843
52177961
65766726
5830723
35334321
52064330
1012375730
52326902
51669683
1097990203
63284878
34981817
53893076
52203835
1054541000
52162189
25436407
35503184
79620148
19355245
52473704
10305799165
52172764
1012379582
1030522083
24149680
52752631
21061695
51772529
311860895
51848153
63433705
41595765
51793130
382388714
51668861
41517553
80071715
11411489
79120148
25489289
3772066
798301402
39659244
52465137
23966527
24163358
52161822
5660902
52858447
52936245
41372298
5991768
1002728748
1012330042
1106779
6910623
1049605128
23470811
26584761
35529967
39636339
24675226
52869993
39543351
46650029
51877900
51982934
1133934541
1030550676
396625
1002523672
17659102
52756808
39779727
39713974
