35852622
52237153
51684299
53095349
51948915
39659068
52760488
52166514
52190216
52315416
35317917
35331832
79885382
52162629
23854613
51795200
52769198
24006194
20723666
52145392
41762674
3091264
52331990
52073747
52239956
52977497
112383724
13929474
1012426534
51611559
1018408230
1030535788
21119074
52068239
52236542
52547082
80493265
39793237
52870412
52237111
52524099
1033681408
28902159
37916265
3075787
20659948
1031125886
79051589
41453284
1010198655
51703645
51983902
3253251
79205981
28667077
52132155
170585290
4571757
17703153
18186629
59760017
31439634
1023910916
52747988
24756009
1033759091
1054680519
1033735780
51706823
1079033231
1023900054
28649354
7255029
51853891
4947342
52238910
52980114
52914250
52705084
39574861
52899176
65815508
37697578
28632398
5199876
51674515
52750188
39716145
1032432238
23729583
39648629
1024544217
39722488
39634880
1033728127
24040395
1012408779
93481754
78705625
1001274114
1033745542
1030554204
93350351
24429635
1007601100
39794810
5969456
52291945
53154722
51566905
30385647
1024518105
20559681
101541788
23739179
14317366
41391464
52238249
28285224
63230131
29144467
52237799
80742902
4083282
93153524
65496066
80559334
12227847
52797960
79725887
1123200252
1024485110
1024568571
1022344669
1023894460
39526913
60975274
41498911
41391464
51695154
1024487054
91223758
63430906
52878799
1033731595
53088034
1020777841
1121202838
52742215
52746713
28912364
49666752
4281936
52871407
1031120593
39790805
40270127
93070061
41484934
1033762369
87246479
31588441
52589458
52589414
41588847
66750330
52696288
51799306
22995166
1052985742
27480998
51718898
1016000556
35502866
30657142
39795616
42029029
9398839
20427273
52550861
41535706
17179453
1040508368
51905419
52589562
80266310
52343771
19446570
3182615
39745006
79520677
41555549
17338594
52491216
1078826964
25390021
39283006
24867357
25227137
53029796
25415338
39307826
52476872
16161572
24720830
28929806
28386650
39570471
1106770904
80376201
41677746
7333852
24728744
1030569437
63339315
53100815
79617118
52484829
25442520
24875613
25587604
40411421
20859359
25389171
71980567
50996328
78109352
78111000
3169464
79874671
1030615401
52839063
1104694315
35330100
53105871
25389106
1070730111
4486035
1120499863
79702025
79997463
53001028
25136196
79422965
41711973
20914557
70906566
36346788
79481907
36296630
26500659
39718850
52078595
80353094
3525191
12144277
39813358
52995529
52561288
64557310
1109414473
52744420
39675457
21202063
52980591
38204013
89067796
25956989
51907641
52870460
2888787
51972026
1033688702
52279632
35485480
32662141
93207294
51900686
41692859
26012321
51986262
65716010
28628017
38240419
39722477
52105001
31845088
14236991
49698947
79388997
19151180
52165763
51618923
38232713
52279259
31390008
53037224
52335059
31485829
52095361
51729002
6013132
52409583
45493930
40732389
51896998
1023905998
1000987035
26597828
1000254372
26575486
1023887166
36377567
51987307
79584623
51993700
3630677
79987406
36571047
57105089
14427580
31007027
1044421882
16838511
1033708890
4267071
52296059
1013654920
1133779061
31601560
52746601
52291044
1013596835
80726500
53153585
51879207
51972398
35468660
41760937
52738428
19091933
52066928
52735559
52732125
80119428
51963405
26442080
52879877
1033721412
64561221
52732878
41533679
35491705
52489057
1081393259
52733297
80725386
39071930
51911528
28796565
1081393721
39568538
91294980
28679327
24179412
25161344
16351865
21153061
39298073
24202457
39564481
52458284
39560163
11305745
28995010
39566878
52282261
1030615517
52309864
52906034
52278779
16660507
14278840
28978880
39142561
39659174
64777654
53133400
52239287
52113545
80741506
1012343352
80264181
79572029
78586748
24437271
3443663
52878344
20939924
52011756
52905761
41855559
80260761
76333715
52953670
40511879
51970576
79526837
24120730
41362104
1012362277
39637172
28644824
39577412
28852107
53134430
26027076
53055459
41672691
52542850
40038872
19176651
79050487
1012378864
51734826
1033743493
79310534
52759294
52239287
52111450
1105783135
38286450
19438313
79562661
28799608
52104716
79804169
39510088
28812417
6030711
28929428
36811404
53893403
39787392
30187734
24590004
69070152
1022345176
53122725
29902114
1073682465
52445028
1109493694
52473512
52868124
27302733
79571520
94281615
23778609
1018461604
52810743
41717616
40376639
52982645
79567222
39711046
17052550
1119946111
79697418
2349322
1070816338
19158332
35512087
79394132
53153524
26471939
397133055
51938688
79598725
80047752
52279905
52447224
1022941437
52112734
41785395
1023877482
24041625
79978980
51917379
1110457214
3142660
1019028037
1032389030
64518631
52737508
52117726
19269320
40077222
1010198451
41549257
79736734
1030597534
41410947
41623084
51619981
9525263
2418197
41543091
1031137580
19239587
19231054
52239658
24198038
41159164
77187337
51826342
45715075
1070807905
85442371
52118880
26039414
1122722232
52805276
1122722471
52395348
52582344
52264997
52970378
22866129
52120704
1015441340
4065207
26559933
35489052
35524908
51822870
51873783
1018479843
41412749
52203849
30358587
1030558469
1030643428
80721217
79124603
1075225540
19385765
33630575
65795281
39655320
79056939
80737195
79305960
1016025065
79668096
53104138
19141843
30341844
79055031
41627617
21148185
39779802
21016255
52781248
1022404114
52669059
1016013735
52978230
79301063
1030521672
93434560
1030569875
1022325677
52531369
79979050
80256978
51816964
51941899
35220568
1077461788
20976707
39743941
1030663395
38256230
52975139
3212100
39537995
52300237
1013612838
41707302
18182664
41213772
80371757
20505137
1030523886
52064330
80111278
26491438
1030555793
51889839
52953832
1018456000
51584466
1012406639
52334672
31304297
36278947
41376836
9715772
52114149
51768819
57423015
13176186
1006122054
53135031
20995099
80844779
1016032177
52908262
52875483
37616018
6023726
39715408
93087301
12798151
55100006
1024500609
43646248
80360909
2323769
41797584
28814215
1085688218
40398244
51683600
19238425
79760096
52931342
83214737
52543312
52122894
51651298
52291826
52520121
1033678249
52900965
43263055
93357288
52723268
52038040
52465815
39665801
52543312
1036392673
43713198
39705750
39784086
38203290
51780823
79334326
79911809
41633524
52132933
19083218
19456387
20428543
1023872120
52189531
1022934826
51764397
64589574
53155908
51760493
52121802
51602407
1010160461
52016656
52479152
52278796
3911460
51587075
1097391946
21061109
20151886
41500963
79645419
41634788
41745609
39543616
53081202
20318919
49699807
40361396
52381680
456181
5853107
35335227
79109958
80053177
1023869519
52954058
1026566514
51663849
28647288
24178805
881370
17193521
1026571598
51942926
1026571166
51721938
21118711
36560389
41423895
28312956
36279094
342080
107059861
41380378
51600847
65743128
34993144
1004051906
41615355
79312160
1117502468
39716103
1003851182
20905583
79698335
6805575
52360941
1070816338
26584449
20800438
4471982
51737911
40621937
52277584
28602894
91539566
80126083
41695947
52733062
29504410
1007371557
1007571557
63327434
39649436
45715675
5304407
51777393
28015520
52050393
51933695
51839892
31383867
52445022
3984138
41585841
52280529
53077189
52292343
52958954
52186415
53045154
53046407
52819981
52858261
51769733
35512340
65765285
40765317
80377120
98504624
34960070
1026553957
20701207
41766884
1019003790
13363529
29539137
1032388630
37897442
6864632
93285731
70576803
1019042001
7553938
55164745
37698129
37698059
51871357
41779176
65497558
1209214
35498403
17041545
53014409
37698129
24873066
51852185
39793875
1010188779
9166636
52796568
53159802
65746439
35475937
1073705332
52010946
12115892
41677605
457766
39526782
41741220
39618677
52495385
36300967
52285154
49768544
26637168
14218150
1022342581
1030555007
66702347
1030587479
31031253
51724227
20891051
52931423
37279657
51651994
51610321
65772958
14278220
4891092
38196790
51823808
39547265
20887169
52654510
20927486
39782420
38070289
41629360
17082129
1014235730
52371396
23781945
23794274
38795995
17699348
28293900
23913474
39751102
17419183
1032389305
1077083422
19082072
80153891
52998508
1022337089
39698607
20995378
52790131
1070730266
8258284
59664224
1069052610
19307579
3255765
36677910
93299975
39721581
12201509
52205598
1032435179
23754246
28698458
41799852
26511436
35497714
41580937
52878365
35200282
1070812990
17152950
1032391155
39651619
36300772
1085688372
19064891
11162045477
52917201
19139208
39705021
40014722
51998220
51618513
39546996
28869675
84035428
39540197
51693139
52329070
65635699
52336247
53051837
1019082843
5880345
19071315
46350577
33448208
18926286
52583840
22307576
55238226
26345435
93476144
17115281
35565212
52580891
71244647
39426625
3551296
1070921269
52800269
51729403
52801336
1189359
19429635
72490058
52797648
53069621
51654445
52646104
20699918
20117425
1022323355
52929246
64584409
19143214
27533895
24218727
57404727
32212050
42937675
39529197
4239601
52237844
52557283
40512995
52343126
37698052
51934911
53648544
39784730
28648552
1087120316
59661882
51717718
52391396
52802507
52390984
1019077288
41681924
66745879
34390191
23106790
35353108
37237967
29286567
80390410
55061670
79696431
1033726725
17680528
73541616
286064
1010221704
1111199609
1085038091
3252714
1014258319
52129611
23523087
51933951
20546369
11813531
35313232
66750330
41773983
51911085
5599671
43071159
1016022948
21933378
40777642
39023658
52416065
20698659
52449869
28566976
1124463025
52201546
52956751
79174508
17648252
34835579
80203118
41488018
3232111
40091419
93411265
52480925
41578839
65789149
93415865
21933378
55196226
51731971
28938288
24790761
26229128
50913450
41794488
1032403616
19279005
32607722
12568585
80203118
79970038
39096631
51900426
79970011
79240303
52540095
83058662
52545165
1019105175
1073322649
52368951
40428667
9072169
52473426
21031758
24176107
51710430
52619957
52298076
24583680
64575763
28588759
52189524
39637767
5751241
52973798
36587577
24874996
65717328
52505195
14203323
79922032
41690589
39658521
38230976
19295446
52331110
52466111
24016578
52972366
23964336
40405162
27355177
41674998
19476673
51966503
52131317
1057463734
37324775
55064327
24875421
1030626844
39758549
53905055
39759271
51783338
52216865
52545262
26570917
79536726
1032403499
79735917
52854834
52896613
52855132
1022997348
39696674
1097390365
41685894
35489678
41528862
52520159
3231134
36155121
4251076
39721472
51631334
79715242
53129597
52022617
52280924
35251171
53133501
79511148
1070006393
24436569
20716653
1081408658
19207907
17182073
24586177
19346675
52527363
52546829
1108932238
53005345
1108932275
19218523
1024467528
1020813035
74170015
39717240
13956082
85472164
86031311
63250977
51964455
41745495
52759702
40086032
13957779
39648197
52752253
19273277
1013611911
38262238
52858958
1074958988
80032793
19498478
1012392268
41472885
1030557262
52760138
53081165
51793450
52501768
52825883
51998122
33198178
41645998
19351471
53075732
16491829
79250022
79559870
79408481
51566921
24580650
51671545
41612861
51895948
43580717
20644870
79972574
79699136
19187459
52238885
20590409
39550554
1023006404
51708999
41787671
51734776
24846598
13959829
41708786
41635528
20698998
51935534
79100594
1032391183
51724016
45543275
28892673
35250508
3181232
38227044
1016066814
198729614
23621783
79856753
79860517
17124850
41604675
32529735
19446956
20952739
31904099
19428902
4274039
35514136
4566990
52352019
1015411067
52797987
39721200
52346558
51915308
1020760915
80472966
52397838
13689247
35496063
19356158
41741100
52414333
52179972
46644145
80012613
1030602323
1030633757
85441359
79814098
52566455
33676701
1110465832
1013645465
1005452496
79753633
51773495
34560735
51970872
47431703
51780355
5707096
51678358
39656892
52064330
39651527
52532761
39571477
17083802
51791422
4168789
41740751
1057600534
52827699
53134532
12273396
26305703
51944856
39289241
52261082
3550570
25116177
52381458
17062024
52069548
39728708
19338657
23770288
51781264
80368970
79480775
23983819
5663198
30343032
39642444
79411347
20749505
52166152
50977353
5237225
66942512
60361628
19409624
79359873
52098460
40206015
52857944
19244754
26230939
79815198
52885042
20338883
52435167
51947653
34000282
39549010
11348988
52416003
13443381
96125075
52449061
12216371
55197425
1084576370
41673238
51829949
21075525
21039724
53121675
28487698
52035471
23932149
76010015
63468415
52285175
52279916
41685664
8025286
52354158
23350568
41416961
24079853
39157724
19152774
76213524
23660967
51560516
52552335
28866425
52849846
51634926
79109133
19300399
51939063
52225202
2235458
32195698
26371397
43444352
101012214
52087319
7911340
55174855
35324079
41674143
41683552
1140076
52162522
52035572
40021048
79657467
1106739
52814717
51641254
13959429
4947805
39657193
51852309
51884062
13707358
79497121
65701524
20891244
39707011
51737868
39671734
28605500
3181048
52635741
1012413503
11516118
51733266
79736527
41681765
4050647
23797939
52557764
52435666
52777995
52717779
37370514
35491646
26636238
37940017
52286938
2253813
41758109
41723742
51964438
52070889
79354747
1016030700
51627784
79830172
51753393
5994544
52711606
51728280
33204126
39671132
1012430129
51918352
39677713
1013662943
1019003537
1032439571
52308210
79373542
72044941
28747052
1012362389
52212130
1012324133
53160304
39645327
39655993
39612505
52432246
51915510
37324166
41673960
1024475996
52036791
52974742
39659003
80895688
1020741699
52472716
46375445
1024485203
52505579
51850133
1024470070
1013591721
52335741
43781202
28115348
52957139
24989238
9725604
41695806
66962269
52524150
98395074
5880812
1054780033
1013646604
41792779
36758423
52290793
20803649
20427968
52014202
1023000959
52293381
35494787
1033733677
343433
1077846230
65787499
52290983
1031150808
39766063
462355
11735052
20915491
55113611
14695260
52057557
38203220
41377837
41493974
6339168
12236058
1122116292
53090732
51814748
357767
39784334
51916708
39644594
41799036
52153841
41466930
21031985
79316293
51896118
53121675
65789063
3249967
53010502
23691339
1010077488
1013658816
52014363
39750083
19143636
1053342333
141488
51705080
52253644
1023916491
36295461
41547598
65760699
20699729
49734547
21894384
31221967
28927695
17045047
52904984
52729355
52126233
16984
11253775
42778527
19147985
65776584
65827496
51953718
80167713
20531720
39654402
32691189
1026558694
19371367
52763438
53101694
462729
40270289
79062199
96332735
80008371
40305476
20697391
1022953857
79914461
41673792
51568218
11376315
14234128
35315901
52066739
79272231
39525385
23591586
21095225
51901827
5893090
1015435270
17100152
28963878
4715306
20514744
33150276
1034402379
79926190
24023547
79291851
52166722
1033759122
52476762
52201594
24757147
53066205
80442992
1121837627
41683088
41683090
51733928
64891759
52463070
40092442
52544980
41723528
52802718
52707417
52970171
79254448
19215329
79122849
52283167
25869109
1022335871
35485389
1030596816
50922941
60390035
2955398
1030538027
51923010
52979861
79327411
20952874
1019048580
41748792
40316457
51998646
1032394254
79284976
51637168
51866270
53096951
63435083
1020726813
53061115
3231842
59681403
28865303
21203505
30203344
52310262
23474553
52330770
52504834
52227269
59805650
52442304
52730313
1023924673
26501085
79364256
79603804
39653088
26584449
51709084
23433989
28853908
28812044
14435572
52030426
52211435
18760038
79492122
1023885256
19301591
46667751
52060433
52102658
52066739
53098892
28683619
1023877081
23983760
17186784
20546036
52374978
52363286
53047010
51556012
39752564
26211293
52558603
51917374
79373205
41792204
121362
19393944
51944119
52425018
20546369
11522307
52027196
1010175572
41435291
65745464
657999389
10169798
51566051
24198423
1030653096
53103167
52164886
24757353
52470601
1052981747
79999753
1030606242
40761371
28829468
657811605
1007769544
65699038
53100079
52902673
1012353047
80200877
93207439
52915862
1030663555
34987148
4483547
79711552
32006868
23801221
65801165
30503782
51898924
52497912
1032379430
1030578517
365719405
52166591
44691157
390096
30520630
41736162
79481680
33308445
41387906
79821600
30888193
51829132
39796897
1115721272
28741996
52841051
403305241
1001045955
86074991
1099549388
52770199
52159795
516380
7843712
1012385029
1016035775
53129170
80007880
34987108
24316965
52517704
39666818
1018438828
41695928
51642997
1026563399
51642136
35196648
52964809
1005680171
39672293
35415557
41743171
41776837
98367571
52779396
17033602
11386421
1018421496
1104694516
52995615
32777585
60371062
41641068
30312081
51725099
20621279
52778486
52838048
80357769
52522043
24727636
52534206
35377323
52965055
52779396
1024566705
39657935
80774678
1016009757
38237653
53030055
21087070
52473679
39672197
41713289
19336147
41624193
52986872
28686339
1001053239
41776145
51624306
52773516
49673347
53006762
52456076
53075699
79442783
51899521
28985812
63228348
52851016
1000333519
33865067
35497687
20843299
51948923
23964179
51951913
52015549
51728762
51899333
51777037
52325532
1030557116
37938056
52805001
79350559
39718093
1012355121
52972094
1016020836
1057462280
41525534
51625134
52301837
20637972
28977556
19293438
80268808
52142590
30399443
1022353914
1016018165
1033718393
30203755
65552088
1096482647
51986260
6018001
51793818
1015996426
1010168996
1022332983
1018442105
1030598742
52771067
1053605376
11312762
11312762
25231719
1024549771
35331043
51913350
28977412
23873777
26601110
52506455
23487942
52998034
24217715
52775240
21611993
52975241
32818773
52725716
52477246
11298422
52935928
55169080
52475683
52970658
52485594
13520075
52191582
1086279121
1096483021
1030611890
52777160
1024484462
4570533
1104698216
1032365125
1033684567
1072168037
53067231
52173924
53103413
39633689
51980659
11311256
52205455
79938794
1030596682
1030556194
1030622876
20865822
51584691
52506275
52438294
52872754
80180955
27149931
1081397729
79393803
51646736
52742490
34326084
52364192
35225089
1030589230
1030779876
53135228
53072285
39644852
1000116670
51647019
1123561302
51838341
80154388
5169243
53080347
39614281
1012332154
1030648877
65820635
52541470
19386216
52635494
52193991
52508368
51894593
1016039532
52239122
40691849
53011125
52299817
51648227
52772536
52191195
10177248
41734603
52829550
28866302
1016056025
43741126
1114088737
3613495
52358163
53099429
51646698
39801673
79498456
52933044
53139220
65790125
52189626
1030551813
93449627
21003533
52109029
51733583
1007943252
39747335
93397996
51770923
52469270
41419243
40410111
52772068
24217331
53098647
1061218311
36651321
52449387
52221804
52460404
39659473
52547646
1012391425
28880890
25869275
41728156
4650063
52303674
52208041
20632966
65554532
65798647
52898371
52754518
1016064361
52306453
1012366690
1096948850
1143141383
1012320723
79159169
79925434
32731010
52068480
52875650
26450336
53099525
52465422
66675245
53131217
1013586629
80429850
25366329
52878662
1012370725
1012405696
79661707
1024567784
1012405967
79976408
39631294
51714397
1030569041
1022368710
1082404890
80149175
65702828
79234267
52463788
63528418
52463989
3100938
52967879
1022331579
52756364
52467165
1012424782
52297705
52068920
51907632
28494420
52387797
52791630
51670004
36278013
41760124
55168312
1012332879
52543625
35494379
51745419
52873442
1012320345
80241989
1012408476
52027664
52497924
1030627020
49767778
1012360937
20438121
52697727
52622185
52255484
79152926
39059684
79438299
23636394
80418042
2927838
1020715330
52418797
87028247
1020764622
52147558
10169564
80089767
19469574
52221817
52358664
40027225
41647922
20931297
20072523
1023941863
19393944
51699493
41491364
28033493
41647891
20410536
53152624
41583229
52281289
52060823
52442405
19448781
52232600
52884687
28799597
1018430155
1013598789
1010176550
1010175572
23366425
65714983
1013594717
51730307
1023918225
52971913
52012444
41495447
1038804157
1026293477
23544500
20716448
10690762
51803500
52780593
1023908746
19339412
19130225
52250912
51855092
51853667
51973239
1032424378
24824514
39663344
28918672
1013580704
41594357
41645974
1010164279
41785915
51671530
80832333
41548767
52442317
79609227
79511500
52164894
51781325
52445217
52481735
79969236
51945062
51606661
23701440
52881632
51604382
79002426
52731810
51755432
52020354
20828673
39520830
41406108
1015429472
52603591
39760033
41691454
41760096
79839084
79102810
39747265
79044760
79056539
12257186
51955199
19235456
1032406280
39718847
39749466
51656573
35404981
52560606
52492018
52498298
51939072
52454623
52558105
52794486
25970158
1014258372
52480925
41579098
52332006
52951394
51815243
53029561
1023466241
1148437861
13689991
31566766
52804265
74360833
23857824
1019041434
75059880
52491588
1032374524
20587042
24179254
35334440
51656573
3021700
4097416
51974416
52125643
51719759
39536072
79319508
1014208927
51820846
28860998
1075210826
79100535
35512813
79770976
39716250
51883903
52091280
52829174
80158677
39794568
28272632
24873644
51802781
28782275
28865268
51989640
1023903599
1013638733
53045053
1038802963
1033707663
1013664735
79709010
52501366
1018429104
93082723
20476920
80250914
8002118
52995492
1020788601
52059904
52535199
19235142
51987162
1026559965
77163893
52292379
28764725
52815611
52885539
52851531
51585897
1055962740
80067852
30667532
39719173
1023000260
52759160
1033688939
52847693
1031152109
53129520
1032421256
1010180785
41593907
52287154
52457965
1032442491
52829145
52439914
1031135358
88202528
52695732
52459911
51919660
35488192
37933866
52210475
41510531
51592179
51791999
52270112
55144457
23701033
51969641
52156347
19436904
52544485
80236012
51962804
52008211
79761328
51943020
52243123
53073285
52465997
35464081
11436489
52170683
53048024
20456450
52937346
65829214
52375623
52744246
1013619228
51984669
51793907
52872458
52876661
36622795
43645982
64704128
92447111
41745105
52171946
35487904
39790401
52278806
65830568
1013595040
53005108
52344920
51991662
80258624
39790278
25741582
28647645
80560142
52111230
39718219
1023872571
35485850
52457834
1012367462
79454460
26444481
79415544
50919004
1006117066
39646933
41536153
27882363
31939375
52132581
1012354452
1032938934
1110088231
51772392
17182688
51826016
1022370699
65811628
52544680
19380650
30398414
79514096
53134372
51900763
1032422395
25311446
39813501
52438735
1032390350
52240573
39801266
37697724
20971667
1031125270
52234287
52765702
52372746
52956582
1000790291
5303649
1033680534
80703155
39709135
35497777
52465112
53105148
1020756249
52282055
52276239
52505407
1052313323
1000061595
80259255
43782202
1013620904
20667431
51826715
17010894
21491917
52233083
1012323241
1012341647
13956064
1012361489
52377255
33676226
1006158215
19394850
13067251
52888177
1087406208
52885751
39638588
79419941
1022323448
51740725
52088897
52536623
80732457
1024518360
43880149
51792067
65798647
40034713
5859620
35375360
17292021
79847173
39655863
1016064019
41699279
53099998
1075656119
41776037
66675245
1006117066
52285718
1023934902
51971015
4250053
28649703
20549375
51633120
33480876
1031120447
52295732
52305484
1022969627
55116204
52621841
30656453
41613714
24163426
1086132022
1033707775
39709689
41784956
39140981
1033712786
30345751
52967565
57412152
35523688
1033682905
52523461
20701136
23533462
53113677
24090672
55157683
52742541
39797062
1033767439
15033577
53041551
3028104
38360795
51636459
52145870
51931000
52325237
52170381
52501160
79351436
52848967
51692041
51873043
40421913
35333603
51970930
5172385
28440563
1000003924
65552416
52170399
42052137
52459152
5138346
1006003025
39672245
41897349
52147669
51558181
51817847
52388859
41706851
20441493
39718988
34946523
52187412
52348385
1127209048
52455973
58088827
52912793
79601330
52340797
52092111
1019067640
84074321
10105109
1019052812
52424698
28268556
39790010
52359185
1014198898
7309012
93080754
1108759615
80501591
79584159
35506804
51907558
52699431
1013631760
24432612
52583832
51871527
1015416753
1019015707
52813857
51801390
19259368
52221827
52538466
5969756
11258715
52341583
35524098
80473321
11227548
1012317917
52764508
51612793
80227874
41717579
52950202
1030624886
24198792
1030528102
41612887
1012401235
40763972
1030621197
80261005
20294971
65762282
52873378
30351183
39673506
1012338780
35500400
52076771
1012322036
51679299
52234793
1012400954
41754401
41611070
51807633
6074688
41589071
51810756
53002270
1033709931
52191195
52490436
20719663
52347896
79787969
52193664
80003803
1022341027
79845715
1020732366
1012392072
33655396
1012352381
35487858
80321566
1020716676
51704340
1010212759
29129918
80249935
52418622
80206453
1032374515
11411971
15679875
15963022
17180123
19051504
19298581
20633321
21134246
26534765
28686369
39542782
39703674
40326719
51590972
51919359
51924356
52289133
52294754
52622977
52884163
53129068
53130665
65829965
73563405
73563415
79526450
80214286
80747125
80830811
1010183465
1022932781
1022944905
1022961315
1022961790
1022974738
3253143
41546826
1033709931
80489322
79645522
39729641
85478841
25025071
51601687
19050680
39799682
1022981340
52099045
52128845
1022976503
52498601
80049580
43782202
80433560
1032436658
80363408
19291325
1100393989
80380908
52741688
41776037
24022902
52372197
65552454
39800486
79636496
52856152
52799635
41732193
79988370
26589136
53135101
1022931293
52234855
53004863
80264116
1023944407
86041244
52520935
25136241
39721581
39716157
40012441
41623084
51586147
53046575
52233700
1023885750
41384784
79309528
1012377212
12143942
51970447
79395514
11451311
41654209
79560266
17333079
4130863
40993428
14204227
52860547
52205669
52269733
1024557454
38264895
29670412
51941760
51591661
5226760
39620563
52295468
102389145
51922440
1057545069
52231771
5833735
53061054
79483489
1023885740
52206764
35493884
1086132022
55116204
39750913
74339951
51982494
52740518
1104674951
23972881
52725774
52294847
79660005
30346266
14398751
7301884
103239223
26574323
39688691
20686949
79152230
21849430
52454781
1020728898
52322778
1000145600
53029152
8373954
52600339
52913543
52319228
39702067
51777974
103236492
26512465
52427574
23366485
53055209
80428948
30659544
52090064
53094852
41784530
51730362
52799746
52291424
23875838
52620761
80879905
19417508
52969138
80505242
1014248492
52266554
80469236
11522267
1024481690
1018489396
51899170
1019004677
16185173
53009233
65760832
65699204
39615372
19054961
63397565
13492175
52848215
1018404318
28931805
52489085
39520751
39546964
23444185
1072653346
35195538
24202089
53062569
39799126
52807593
93127469
79784966
59860928
74270020
31589331
52489515
79882832
52053628
1080900721
1020738670
3954207
51976199
52358123
55174486
26427207
80321379
52557154
53060814
52351536
35527691
52898292
79780886
65587396
45538878
83227144
65771848
40429460
52108957
52494796
51956859
523911655
52908195
78291071
40046436
17087378
28653096
52182363
33104819
1019017249
1051954205
1014234881
52187376
52654604
1015440468
66812639
1109840352
5246619
21003790
13802517
80085850
43181072
35499324
51603015
52787494
23730402
91217934
39522891
24202114
52500852
1033678446
7316023
35506907
51964636
38264752
51982327
52367367
53065745
52747087
52194353
52538023
1033735239
38655191
80053046
21176806
49653099
26459790
1024491333
65787681
1110480944
52167111
65813620
52094886
52370724
1078827504
7716207
1030585456
1026274913
52111118
53050783
51922291
1010016601
39656704
1012385139
1033716748
28978889
20199235
1013612377
93343528
98556644
80765335
52304692
1012354060
28687045
19094453
53038123
52765666
1023912884
52772471
1070593686
1071940426
51947377
52845501
1012348339
518005461
1026275363
51982558
52532966
25586605
79132638
41431894
1013645214
5632149
1010160397
41454705
23553025
79440809
4045039
20749491
21240143
22674265
24149547
28811417
28863827
28918063
32691189
32748703
36067062
39558894
39699674
39681829
39721244
41481410
41504574
41739292
41753149
51552801
51592179
51655072
51961975
51993836
52166081
52171812
52175648
52179468
52203976
52361890
52446487
52497771
52759148
52786600
52875911
52952146
53077101
65554172
65791001
79163625
79617328
79622172
93336014
1000984815
1010005832
1012392662
1013613061
1022342481
1030548540
1030575755
1030614148
1030643949
1030645894
1072745346
1076321351
1098100072
1105781579
52845813
51892829
28963603
18391312
439680
24396860
52469907
79578244
19872942
51648342
52232158
1022359108
3080833
65789906
18500074
28867204
39759565
79061395
39762597
1023862841
52477081
52175388
23533588
52863814
55153707
37707086
79620669
52387101
1033753930
52367827
41699920
19356674
51930270
39645513
30314704
1105055760
19473151
30342096
52472606
51581175
41786668
52971604
1012390506
39650897
1105056625
1127944470
79205446
49722670
1026575164
1026569664
1032388801
39020505
53003802
79711552
21132170
41450958
51789167
39709743
1098635393
52307813
38015129
52551575
24586474
28963647
19168152
52781481
24047514
53039464
52544025
52740855
52518349
1030637309
1018411417
1096947217
52906646
52448850
80810336
52634988
20407582
39529780
79339142
52176333
53003955
39652008
39716763
51821965
39763421
80278311
1086725763
51659525
65557249
1022986015
28905233
1051820441
51687042
39044025
52755499
4488427
80854541
4103511
1063288694
1030607084
46359627
1016027153
41786576
41683958
14266379
1024548532
65811815
39642638
23874911
4132560
10229667743
28916828
52543724
28080369
52835039
10622977071
52877818
1074132557
30663080
65552454
53005389
23323983
65770100
1033702715
52093216
52446540
39658458
53048768
53125243
52243774
52888890
1116914299
52052800
52736967
52542083
1081394165
20971472
52884163
79335058
52277651
1075656906
1024521085
80069210
52051814
11221251188
52448526
52730626
52222355
11226668
52875452
79849846
39664085
1024469814
52856152
40762759
24091413
1018432770
52243324
52141531
80366585
39662387
39660954
17180123
53894537
51659546
53129046
1070963883
82384542
1024459926
1032378254
52322658
52742516
52128252
1033772711
52391749
52360768
53759413
53007138
80882829
52377548
52937891
41629993
1031153528
1022951359
17184323
28786784
1024542560
1014231500
51743994
59123319
52165229
52872140
53006661
28787583
1072190606
52232154
24758961
39677908
36383767
52330387
51866535
28786784
52760275
41433549
52201458
51746443
52751791
53130713
10160449
1024531740
1024473549
41477906
53098921
52012066
52105300
52535257
23779289
52413293
52264074
52268473
20524914
53115926
52461876
43495861
79640813
1039091481
52127653
52459780
79695855
1020715044
52877655
1024472962
51718522
22507263
1121887089
53093588
53166288
39639403
1033732893
1013579008
1024482170
21075092
43782202
1024522193
1022982859
20945042
52995900
39774950
23653197
20941178
1110499849
79525802
52167507
52539390
51691089
39717465
36490418
19396288
1026250150
52199349
43788735
51933951
41936928
25248775
19303232
52025680
51919069
31154360
53076616
1080933181
1105054030
52957396
51729118
52384154
5660201
1104674957
52276462
65798441
41344994
51945085
1032409814
52201546
52058506
52205404
35517650
51552410
1033694795
23781689
52547340
52861155
3017318
52726556
39576586
44741165
19054855
52734718
51963261
525220091
41687186
1013599085
17174677
52297628
24484647
52382615
52726181
1022946426
53013465
79632889
21018911
52224960
20811314
52305332
52450595
35485075
19059107
79135025
65772686
24091409
41504132
51707825
52545165
40765100
52058611
19683098
1023910217
5935460
51882164
41791451
39709126
28110753
51785426
797347809
20444646
39016518
18778184
3256700
52185800
12144246
52025191
41500621
52293686
7010568
52787494
93127469
41405557
20896725
52912147
39627026
41749248
52552129
3215089
1064712758
52698910
80473150
72295524
33377921
79871769
41732102
1020762555
63295051
52388821
52266563
63495444
52516146
30079624
35220578
51581362
51899170
354955773
52787695
400315007
522311985
35501111
52484707
23983369
1000492780
52784915
27077040
52238546
5506825
52239165
93081956
33677150
79472661
79372275
23438680
79943293
35479177
52552298
1074416382
52557511
39548438
12205006
26501351
1019049754
20398256
52301193
35511815
37535246
46678884
20288997
52647316
23779779
63495445
1019065972
19262425
39639146
7362550
1015459206
1072073001
24162352
51978206
35405433
52033808
21117295
1073230385
1026287119
52166258
20615691
35448802
19080067
51882194
38239367
39708201
52755622
39566116
52824758
3975369
52435676
17161406
52180268
1031159029
14269401
1030630324
1020769129
52214658
1022962563
39687719
1023863361
52291106
39760976
52751070
19204761
52341864
52186833
28914083
51954918
1022924420
20472087
57407867
19428848
73111626
1067863744
23636930
26430623
41250624
85161553
41683088
39567917
53930930
51633387
20392168
52557612
45368824
1030528098
52477718
53028747
51673947
51729847
20532277
41626921
65719035
41745393
41778085
52437486
52544041
2969248
28928539
41476924
1065234865
1013617507
51895992
20615064
3064619
2966009
1096906336
28182724
1020764412
51643373
65799566
52750132
52480726
23500577
79646897
11447824
1023872560
53049038
1010217059
10306120645
1024545283
35899646
80262789
39636100
39611873
23588832
53096138
1074414123
20637907
1033695800
83164525
51562394
21148037
52342924
39801578
80490651
17331771
79736354
12122862
1018416976
1032405725
52748868
52060360
52373840
52294495
39783121
35604783
51945893
1022943352
21061514
52733325
52762160
1111452792
15960587
35253319
52965560
28758058
1033737454
79217063
1019037968
41636412
52747570
30345819
80130103
1032410127
52238924
52460193
51577874
1024469111
1013615736
1031126321
38015724
52201327
76329682
1090334170
79798860
55199440
52450782
52742113
51876515
53129195
19277141
1022997102
80282512
1031133986
52286095
38756860
52725870
52815291
40042188
39794167
39783671
1082774283
35518703
35252716
23805633
41671546
52241824
52125706
65799283
39703707
1023861364
52822505
31428610
53096050
13459653
1022949306
51877786
1030533866
1013590150
53091613
52851206
1073670203
53093365
1045673258
5987853
51792628
52239871
40019405
55175690
23799634
52445634
80053704
1083906958
52450767
52446591
39715070
52534370
45509496
53004694
24130170
65829320
19452303
41722546
6767964
51973036
1010226322
52460794
19367962
4730334
41752742
1033734715
51686243
39578850
52457602
19317867
1033719602
65712314
28863978
51879069
52435066
52827319
51922004
41766599
52444139
1013622982
34990746
24866208
98380932
94369554
12206558
52233228
1023915283
52086168
1013608036
1079410157
12971438
1023912720
49605958
52164442
1023905184
65789299
52831860
52500869
52239770
1177844201
79255606
19217954
20941178
52380255
79387466
10234312
39676200
27277824
41644262
51944553
52297450
30306377
52366683
28868236
30187132
1022352663
51721696
52742516
51945166
79825031
1023924632
51634206
33218492
41784408
19184533
41471555
1032410700
51791822
93127469
23623656
52290797
52919387
1014224099
51691091
51559000
51615915
64478819
15925757
25109267
3718829
1019037440
53101431
52181066
52718227
41650966
52525399
79054490
52023489
52176107
1099282260
63437862
1071629565
52839599
7221693
41787404
59677560
38216256
1016073636
20582694
79512325
52429891
64748735
274448
1079911434
23690039
51981085
51682698
1032383441
35479172
39546164
79940288
21016654
53930842
1022939493
1042732218
70909674
41580252
41575648
52621925
52866367
20896896
39537181
39546698
39549323
37368421
3244586
18399381
1032383441
52959329
1031129073
52584375
40621738
52227043
51917472
1018445992
24198711
39549655
52219812
3015603
17185551
79855232
40929896
38140326
80385688
51872453
1015993834
39532889
65556371
19440665
1069402459
1016016752
33875078
1033681768
20923714
1110443489
34514310
79125824
1030606437
41708319
52214203
13617572
52363175
79136968
19228751
52215688
1024482968
23799360
52750039
51891213
35321578
52857120
24673503
41606278
20475982
39802656
79632881
41748633
52505030
52807349
41476563
20796169
1012378360
1012377213
19070880
79987872
80149751
53166369
52083061
11517296
52467053
52820397
52635164
41654395
39703918
28894429
52033877
35491654
40040546
51988892
1073678660
19324899
79450671
52863169
37708116
51966852
1032358018
28612734
1032387159
24148816
39697933
52213349
79136964
1032371808
52016577
52477185
52974800
1030538706
1012386300
17066193
41526282
1032434492
1031147982
3074840
1026564153
20824817
52298522
41689888
35534397
52843865
1090441702
1054801013
13955890
26918291
1023913184
36159164
1013598411
19345508
41410895
53093451
1015994805
53032359
1031121540
24218871
13073301
52171129
28307916
1032389302
53098822
1030632477
40077752
53160799
52204086
6771259
65778428
52822909
4945370
1022357522
1033709198
79820645
1065131246
52981806
52980875
52450491
52507056
1110449318
51670628
19086289
51692773
70355802
52872961
52364044
52294541
1053608715
24368711
80265655
53129068
52297839
19307579
80895111
52708331
53090010
39534886
21134246
52854328
52199955
52112562
102296033
39711691
52878018
52209860
52873969
17973442
1013611332
52726429
1022956753
1032418775
1033715856
1032369028
39789531
65809602
41740519
30305899
51998219
52165133
51709947
80894032
9133942
1033739901
33308396
51998937
11251293
53123790
11320812
79255682
52296397
103681146
52746663
41500762
12278220
52860443
52242570
87303738
51932858
39528083
41549517
52012924
55166943
43418791
28846754
17307355
80002445
1032387344
79921796
1024479778
1024527290
52927284
24718681
1089000568
96185486
40245300
52051834
51870063
52242451
52239218
16652245
1075223432
53010371
52167696
51998665
51971274
23636204
50539421
41714757
80070861
39702784
21143373
83088976
21134399
53153361
28556564
52370902
1010189647
52734715
1013586093
1023933553
52375623
1023873049
80126944
38286975
51867843
52120640
79973246
19307691
52200669
19233089
53115257
52727912
52846877
52361186
1084897482
30276246
51967932
24866203
1023924873
1023867034
52885093
79491494
59679620
52025079
51827420
3215485752
51797231
39630595
52446765
17021375
51780125
52905659
1023904912
39797583
1031135372
1023912528
23944499
19326753
74300694
1023922062
1071840001
1013646010
19277237
1002691834
52118123
39772138
52284236
39686447
17646919
52203428
80150958
1031163863
1023937422
35485231
51657204
1023955609
52155429
1018446398
93127469
52806268
1106948169
2068594
1032397205
39013806
80817982
52888030
52385833
23701166
33435185
39770669
1022948277
52336203
52346800
52251372
80023852
79348617
1110060586
1015415948
80513112
79279220
41747191
1053331876
1022981088
1020721602
51883007
21086483
1031138305
41675803
20902991
55168377
41581378
41779176
51872836
27968938
35502810
1019050477
10997049
33216322
76357017
79881465
35375054
52396910
1014185950
17308266
5996967
1026264619
1015413615
51776979
1069078629
1033711383
53168304
1076652289
4094142
52997660
41482509
19411977
1033706041
80177421
52862213
92550995
43821161
51941490
83055276
28946048
39545954
83055662
11408891
19255280
4111754
39535355
39773621
63507883
52048489
40355378
24574719
26198491
23588904
52859098
25800291
52998558
79945324
41607007
93359541
52492960
41934847
22697043
1019032705
53063444
17075885
9707110111
39541621
28682105
1043606253
1024236574
39683979
51628176
1018445992
29638681
1020740477
52414726
17184398
1020719665
41735090
53097014
97041806722
39746389
52061038
26630706
42020582
52068020
39708551
26459668
51988922
1002403127
1079173794
52714515
52784110
52489030
1053558719
9167479
1038476872
1012357005
52097888
41960592
38242557
51854939
52845730
28686391
52760687
52481847
1030575827
1012414184
80830290
52765897
51718631
4566272
52957276
52898023
1073690040
19230243
39531396
39679712
52841492
53046679
51983535
1032435848
52938459
51785323
1031132948
42020582
52068020
39708551
26459668
51988922
1002403127
1079173794
52714515
52784110
52489030
1053558719
9167479
1038476872
1012357005
52097888
41960592
38242557
51854939
52845730
28686391
52760687
52481847
1030575827
1012414184
80830290
52765897
51718631
4566272
52957276
52898023
1073690040
19230243
39531396
39679712
52841492
53046679
51983535
1032435848
52938459
51785323
1031132948
41870089
19286617
52372172
79963500
1111197160
39648691
52634262
1121837714
52051994
39702413
1023918200
33201660
52760097
10136027713
1016026037
51797660
51960206
18127482
1030631493
11388292
1022382660
52759917
52691108
1022348061
19091668
52738302
52543366
80254533
30661436
49698265
52316269
8002118
20737215
39758496
79397217
79568414
39648197
1016016024
1012332736
41539071
39757259
28553077
20791280
1013584610
52073049
80050807
3007045
51866581
93082723
53089365
93443043
84454942
53135855
52307474
35473707
79121275
40016561
26425347
51651072
1110447545
17123462
2991227
11389545
39762242
1001171754
1033707603
1012377103
51921715
10337595
79667828
31007796
51866142
21938934
65553953
1031145505
52429813
52729713
1024538952
1033761196
80100487
52871503
80049580
52748154
79764068
52045523
39649406
60396244
1033747925
18155656
1022997837
1001172216
52292579
52101789
39805924
31874347
39765807
79636496
21019055
23660509
52750239
52239441
1010033784
52937389
1024482138
1023938211
60352213
3214386
19070830
52885597
1024556057
51796475
79902855
1023903700
39765807
39765512
52872602
40726517
1024569403
30345829
19473447
1024497731
1024508896
46668770
53124726
53090164
1014178867
93239311
52308096
1121708531
41367842
52526448
23993557
51883929
52765551
79902780
52411257
1026266521
28853416
36384100
1033706116
51873907
43991689
1031135546
52128842
80311156
39730414
52887763
28788621
79368873
52202624
1024480288
52938552
52616703
1054253170
93239311
28853416
28613427
52547764
80117550
1015440777
1024531237
80748001
51842074
52739847
19293609
1023945826
51852214
39445044
1016018923
20638354
51988770
23874190
28994726
52488636
79831041
4896719
79758654
52188858
52169271
51614257
51734740
51910076
52214845
52448019
1031135763
1031125321
52697345
52297094
35493884
52957543
1022926013
52957376
25705314
1013583340
52107705
41744611
40595839
51993173
52333855
53061188
52409538
23925352
52803793
17643461
45474023
4064372
52393427
52985561
35416161
21003487
1032385540
52989748
24031216
52615113
39773193
79530274
52800009
40390746
52238676
39545228
20942303
52791572
80420828
51913208
40022179
52699891
1015410047
38902156
52586452
39695770
50955657
79241264
41794648
52183265
1032397947
80722683
28366335
274448
52490268
39463779
80034081
52357782
40018709
21446760
52149463
7994034
52789617
1022957271
31304297
1024470807
41734866
1019058827
23415878
35336726
1022364312
24436481
52243325
80730795
52753818
1012320353
79351326
1031136379
1030619844
55067222
1096033606
51597246
28964159
52370390
41632532
1069485678
65500058
29939234
39758202
52178016
52372780
21017919
80115301
52773273
1053512205
23694093
9539806
79004489
51869127
19245781
11413606
3010491
1111199816
1022384562
52503473
39671624
1030667953
19493991
52080991
1016018923
379218
4863987
79824984
51627333
20627084
52910301
51971319
1024461096
53047432
24824679
35425982
1012412303
1010167800
5366098
52749729
52932275
11430768
79291058
79259095
80015614
52485607
79118834
79854475
52482530
1030626334
25180604
1030524613
1030582009
12400403
41597244
52842799
66998388
28537804
79607414
1013595470
36173075
1024479592
52033482
1013596101
36089233
51907427
39580326
1010186754
51993727
11450430
1033719793
55111977
52241772
30650380
80246936
1031142718
1033676748
1012376225
1024497238
21087498
75040947
39650465
52291890
53108613
53084530
51636704
52431574
26593189
1032365194
19347986
53122922
1024559909
51712829
1024479016
3122836
51826646
40275292
42447843
1024462548
1024475207
52133352
52879822
20811086
5219826
27968848
17132145
52201807
52127872
1026558835
79280570
52201590
1073681815
11412357
79581724
52125812
53082081
80771626
39719429
52237900
52525948
52241344
52882903
52701333
1023908820
51774713
1033692446
28879118
1010201265
15360656
20370392
52467429
52381592
1018435062
28429479
52294701
1033724763
52787161
52544787
79958692
24010386
24100051
1016049351
41520477
51730787
80775424
52162453
39561084
1023874124
66709298
51649573
52099868
51768236
51993671
26422770
41761850
52890656
51631061
79697456
1023933627
52741902
1056775021
52117125
52952557
1032374760
53140508
51698393
7541505
79613262
52955270
52374346
51655665
65556528
52360924
1023907099
51858406
52499279
1023902471
41773661
4822474
52202842
1073668303
52277362
1031125186
28306442
1013631223
52184618
23603585
52990821
20800604
39772975
30301301
52503904
66676567
39745561
1074928404
1070706609
28438248
63320872
24644835
4285317
41622873
65794749
51566089
39531018
1022927568
51813011
79686052
6820657
52250031
39031498
51668796
51561362
52265513
52800021
39547664
51817255
40384391
2992884
34980929
52049462
50891948
79788115
7315383
1019042679
52588115
7317668
80471257
52498621
21863405
50967152
52258227
21070098
52480974
36546291
23913430
1014210162
52583076
24434364
52339712
79264113
23945459
32741268
35253607
1013647263
39745752
51745832
52929064
52391165
60381296
51595859
51615926
39758242
37002771
40376567
39692656
52354611
52090628
34981242
28440276
39535636
79127188
41725018
1015430154
52369870
1024513603
19254618
79594343
52117073
52174360
1030581932
52774368
52100247
79608750
1030147948
52172461
25102019
1030563622
51695490
52370978
51972224
77103600
25389263
51620091
52271158
41653107
21134723
52855188
51693316
36750912
39756295
19382305
80219053
52898390
52761957
52501498
53090191
24869243
52196457
41480708
41672877
52482841
52060485
41737616
41655083
4661004
51631959
52226416
52752222
41701516
52356788
39718706
35507725
41502566
1019098713
49608308
79614523
19480743
1088247602
52982423
41522388
41601045
1022327478
79863140
52425519
52515239
42124841
23376435
93295782
41719300
1069729572
80000511
52065305
51689900
86010438
25099432
51699811
1012390553
52538167
1066084952
92449243
1012358320
41752387
1013601882
53076364
65712634
52055926
39636672
66958180
51839354
1030556784
53038246
41392205
39645560
1098694700
91536973
53101940
1013598787
1104774153
38241497
65690417
29689252
52530522
1006158066
14321162
65711407
52450332
52858912
52178864
30016791
1015999798
35326072
91453709
1032379076
65556291
38285318
65557493
52532778
52357893
32254608
1024509090
52868532
53125330
51989545
52839781
1030588643
80260150
63438335
79565390
79835623
52938471
1012369614
3796085
51994204
52365973
40446517
51894726
65729154
41400212
23943479
53032411
1012430928
53043839
1001062590
52069789
52474017
52026339
65811969
59679056
52038676
52301095
39745873
65716773
52172334
20409100
17555255
52225336
1026555800
1030536448
30571461
51644213
52910050
51590030
36292344
41243508
1014216962
19353379
52537072
19417180
40014887
1097991480
79503073
80034639
39746089
17290814
52459820
51698587
52743652
52269462
1024505315
35376082
19105109
24246665
52111664
79641992
52296686
4249939
52374632
1026273583
20618486
51979568
52017729
41225876
52241110
24856947
1012358195
42116671
52092642
68220028
52090176
41670619
52519205
1033726981
41792688
41580888
26598980
51709002
1026259872
114474289
1013596097
53153716
53044922
41750189
52189451
51987741
79212010
63282995
41936770
19487704
52375348
79584829
19447477
79662594
1030551168
19294324
18050976
79797916
79970507
11330792
19173124
1012369409
35518000
1023920788
80257165
51792252
41708782
52049895
35336936
52011564
51655243
41745105
41520477
51876731
51767238
52499279
68296906
52873300
80770374
52441041
7169554
20793475
41758313
52376522
52852298
1023921733
52432945
79561191
28052365
1082922079
35511991
41534849
28119683
41718597
52349995
32847242
52183248
1020770539
80817920
52646104
40021048
52451089
19414251
20385666
52225414
11520485
1033696932
51977531
79232510
1033690757
1018409848
35400470
25185246
8530163
64554539
26452884
41631609
79298696
80411955
1002604377
51973046
35477798
1015394743
52344028
65823251
43160388
1024489610
35459886
4291869
52071174
52927431
52153555
2965716
41749356
52255041
51562044
35331038
39541178
52339988
41698928
28869609
51752035
32761230
52984806
52996193
30030874
80470853
17309410
67015606
1064997340
79587791
79913702
1052338272
52788279
1019077797
39767726
3221744
51937799
19088162
42208670
1014194415
28078067
20530624
24652271
31412332
79866048
91131815
17055644
52515254
24853520
20953499
52589197
53139216
8764084
52584458
1012394648
24218360
52707375
24175872
51919378
93121121
52807112
52585748
30571436
31412332
20369129
52318607
23490192
52433816
52467277
80158602
1022323216
52770210
52022351
43539062
80272673
41347172
19235119
33231235
52821190
52479349
52227951
3161902
79758466
79459499
1016045212
52906459
52333580
41767037
41676454
52156170
51796685
41645026
1015994558
80281924
52076715
13953392
8965951
52370150
1030548588
17135252
20532787
51642386
35337696
52759429
65500217
14234161
36712099
10183192
52559505
93355357
53925127
52201833
25760656
52287264
53098660
52363773
52163418
52759257
1013610388
51991111
52433817
28868171
52906238
46643494
51981704
52755048
52323064
51766521
14278169
1013658582
