32721245
1032373446
12979495
28627801
51760423
1026260250
41371604
4170981
2900171
51799436
17320621
52011258
52782635
1000062789
42781098
52871407
65587570
52456896
4259324
1033594445
28685914
52153922
65788458
51997933
52959403
1013581458
51847452
1024482724
53992387
52038044
52546484
17633588
24091391
17198824
36306117
52039814
32001541
52131967
52132894
28649354
1006158284
52523915
1022385414
35489043
51969606
51965053
53010062
25562409
41381136
1031134216
51605342
51953311
79661690
52129511
79768062
52193178
49666752
65807793
67026773
19339246
1136289018
1098406486
1005726589
65809379
52545880
18931864
597116
52773698
51792419
80363820
53089293
79577579
26615740
40363223
1007333645
52457912
2070044
35465915
52127702
46352855
46666768
40777646
38203253
1024424214
1022349171
2380553
53092092
52493178
2478920
23348567
52458627
1079177707
24097391
79771855
1024524785
1033738788
52888512
52745244
65556398
87433163
52098948
52876807
51850751
52937673
52085355
2475813
69027438
53095163
24718720
56364815
52051777
51930719
52900523
1033759202
52238093
2212891
23897066
63468083
40463410
28902400
51685258
79921036
80415170
20303148
52453937
28482693
25221924
53001325
28956232
37614431
41702597
28866700
23366403
4064025
52644915
4248154
35469763
52253402
1046400156
52647533
21069539
2106559
1020783391
51726024
39707944
25434620
5969816
52800021
52419104
21147978
51877748
41736162
19204952
51825284
52739032
1033733908
52133205
52122933
52253785
35519283
39758017
28866370
28871664
52501791
23509198
1032387438
5773883
25125609
51813803
28241404
59676620
80267434
1073234337
59676006
41447360
28851677
83221701
5303121
4163664
1124850319
40620803
1024470887
1071868332
1031127552
3154967
26477261
18388639
24729200
1030638869
55067596
39642156
79761496
79605725
43921053
79885913
28115332
23754386
80456623
39760104
63458005
63458408
1012369710
1101757179
24059657
40620803
5978053
1012354417
28870311
25125609
65721536
53051808
93469258
49670276
52373440
46662042
51722711
52024021
1019010574
45754494
1014268094
52078135
20276990
43450997
39531302
63460572
1026251191
35475708
24036770
52353357
12185398
21183029
22645756
51690676
79107218
37625323
95599972
24394408
41501273
39730879
52480484
52787357
24873842
17045360
28191739
52809481
52293757
53177231
17313695
27984570
23497865
52495703
35510746
38461946
52484929
55161588
33745468
23497865
79590463
52813845
1023883050
80475078
79466664
1022945738
51978759
51930673
51604164
17056564
52442354
52361199
93449690
39426238
51935542
12556443
1111755808
41683795
41706485
1111339530
38203321
17154228
52448944
39635454
52370543
39049118
52526769
19232503
87301284
5789852
51670471
1010181873
30584493
52169528
26201378
51830357
41791887
51568137
1033704472
1111755808
39635434
51980746
51858268
50920486
1022360921
51938194
39797225
52449656
24348945
52022861
52972000
25397372
8417544
40429361
23751423
16112202
41785954
19328971
36377292
25125679
53106499
23807336
92511290
49653052
28646106
20633034
40927726
51604673
52264242
3951829
9172546
395719
26553098
20696279
39711032
65710655
19587212
5683984
40412312
40429861
41785954
39785859
12642843
40988351
10942237
35423328
41683088
41774529
79545457
10291886
51755221
51990083
12542872
12549427
52241814
2356024
1102228196
65715616
39755894
39742196
6388140
20662357
41689693
8751852
52310131
51949235
49688683
26601110
1022339814
55183053
30079962
21851960
33201695
51793592
51915638
51855260
25138088
22703200
65790256
79580308
41739478
24731234
79308924
65751607
55164212
37658110
51872185
51697537
51919802
52727698
52273581
50916797
30290810
24089565
51908131
1030526252
65697274
9806875
39525351
79710517
51687041
1022337239
52264810
52272618
41564899
1003623209
51761386
47440785
34556445
51854693
63370477
30567776
50056690
19187738
53081796
52322960
1016040090
1013544106
1111193393
1105056349
52170691
53102669
1022406957
1052498464
1013582061
53050614
10741972
32173738
1012331893
1030577970
52307891
36550660
52810734
51614317
52973362
52707560
33702812
33700593
1053326962
36172340
17260369
52764271
53098590
52068342
79397234
2956993
41432543
41442098
24100415
1022352327
36069120
52179521
1030619678
65715616
25138088
41598337
4925769
53103672
65791170
1026251820
51775079
65809756
52171892
1020715355
39747967
51654236
65791706
39642145
52191899
79466308
28936273
2603194
52242993
52071976
26502552
20476543
52374955
38015384
28196277
52191721
20371187
28882858
1016005059
52439685
30499300
24473920
16366930
28948734
52182405
51559572
52209096
16115285
78223818
35335549
28697643
43450933
52753352
41783380
79902078
43684564
66829378
6281047
5932430
1112758314
8161637
39746726
93452891
80151911
17674852
7684700
12134069
4617318
52093784
36067967
20368766
52506505
49731910
5711176
31842435
79065102
24120641
77162222
52242993
20476543
1033701329
1022762443
52474776
52931551
1088588639
3232894
1033716337
1121833098
52072143
24053194
1121823960
26565377
79716112
1077841248
1117809293
70118867
1016057737
35376198
30390971
65831398
1012322236
1002729768
41676611
40334147
1026570592
52477614
1030577547
1030551599
28271388
52123742
1030640839
5771052
41662274
52811675
39574256
5046531
51654236
39747967
1015995640
24651838
30348277
41761095
52167250
80419643
52635150
1022336098
10179645
7307172
52415641
51990087
49744131
1022347911
30982434
52310940
23804667
1013582713
28155117
79518918
21133614
50921370
52529918
28632408
41580892
79700854
65789688
52506001
151472567
14397530
41668565
39672217
1030597405
21658176
37932518
51705187
52843643
26477681
53098647
14397530
1030560656
52660831
52167250
19356501
79677953
80419643
39766996
53114232
51833831
66988132
38201318
52839733
42158199
52534451
1087126563
50896376
52504722
52288219
52977607
39620667
1024468258
65827465
52635150
52974800
13706708
52477614
53065218
23764409
52072143
1121833098
24053194
1030568413
1121823960
1016057737
59834267
65831398
52735328
51983091
39724152
79389081
51631487
42651502
79964076
52238478
70118867
40375074
4662489
52473105
24720685
53011413
1030577547
1030597405
40334147
1030551599
3232894
30390971
28852983
1117809293
31965256
1002729768
21134458
51904331
52265982
52123742
1024468258
41662274
30348277
43651357
41761095
1065603063
4168308
1108998136
36622194
28647990
5882809
1012344519
63250389
28487971
52876901
28649204
51998127
52462625
79799677
19342823
1024543105
20483197
24329797
52414687
52242525
39530899
51971073
52122485
51830597
52756808
52357151
52321847
39642215
39676940
18389314
51911763
26644660
6381900
52469757
1012355372
1013593497
39212401
1004617046
39650082
79997682
1024500603
39656103
41510319
52819737
79828256
52039782
20325136
19438131
34000048
24756334
52753406
52859303
23623457
52753406
51979687
17074047
30054503
19493673
32494298
19477166
1012364453
41710562
51911763
39676940
20505137
3965082
17690128
51671530
51943648
4485910
52220967
28649505
79265719
51770558
52520664
1023915062
1013651645
23522355
52443429
8415966
52059474
10546677
41706073
52884096
53154100
1032404257
52098043
41734544
37885833
24875525
1023919549
5983506
52157049
52163666
52066337
79698846
19343749
79654192
39716103
80212121
25725976
52010026
39811160
25056876
41315851
5092486
20566678
1003530218
1023876210
35507619
42999983
5118393
39276305
4906108
60444363
93345481
63292400
24645335
461703
17115281
3822272
49671392
386333
12264470
49691063
1027961927
1123200767
7958245
30744366
1019093588
36295344
1066724078
3273278
3134816
31262998
79772239
52887477
52829257
40690621
23946044
1018421299
1012374992
52767327
52015544
10169688
1030573439
59002847
45490570
281444
52880760
52300149
52732033
9635594
1030547476
43455515
23965673
49606614
52634418
46374907
1030609775
1023918167
52741038
1087132423
1030556335
65746498
65807977
52145985
1012368670
94502745
52420465
52183654
28986872
27982818
19180397
52173069
35335549
10386971
19134474
1065581106
1033758646
55059869
80798768
11228520
1110519324
2245499
79885020
83230577
19052118
1030535664
28901895
32657830
20371187
1030552140
1012361269
65716760
17657243
79319903
1030558469
79761518
20352386
52302450
53072649
19437868
51830557
63491111
1033701999
49672801
1079174040
80559502
51787575
41366085
79651164
79303281
52936708
3117390
39632380
35320591
52220416
52741311
52294431
40278211
51581255
39754394
49751500
65787952
52936877
52870823
52234811
1108930046
52714118
51981445
79670808
52064301
36946684
23810690
39713782
1033747171
1069727719
80765425
52094680
13710868
52296059
1013625213
1033741553
39720345
41715701
32516299
1023890346
52331265
52295862
39571350
1033694128
52063043
52372768
1004051907
1077444209
11388442
1081392788
1033729385
1004051906
4787326
51782754
39712089
63310194
52296059
71230034
1022968449
52951143
28994424
20461384
51602550
24582204
19316351
52421112
23085380
52180054
52584391
23701265
5904312
11371767
35316041
26436800
19489892
3281706
19143386
72195300
52338942
43461170
29504142
20584077
52427313
35513532
51685963
52987012
52005077
56078895
1044121460
33227245
41717606
1019048690
1019073548
19217801
38015503
18930753
23085410
80378530
20587695
1074416660
41361430
52583846
51986262
52397646
35891539
28984937
80219816
51686523
80750924
1031124306
24091468
1024469797
52474127
52747811
38143560
1051502189
52388595
11427496
1073694097
51830098
30516127
23582723
39539748
52302499
33334143
52265982
79885020
55059869
45781042
52930710
71256948
63288348
39718093
73780072
14235005
1057462953
52758306
65763176
11314511
39619321
20781219
1013608408
25559165
1022978948
1022985115
51579248
41611031
74170589
38236820
80559403
1073320274
52301363
1030618485
80219816
52200225
63250920
52498502
199293
10265589791
52766738
1101176707
51637510
52161315
14323657
60344787
1030551693
80035626
51922749
23799492
1022327686
80280412
36300113
35428478
1032364489
1014220575
51881427
2465306
23296486
1007306909
52972664
1012373755
30024319
1002456517
79801858
1022329788
1016066120
24098745
41737756
1023860485
52882457
21148185
4022350467
52075493
51931193
13616556
39669961
281444
1018447447
30004682
1101176707
51639203
28747156
52286638
23798554
2869307
52288742
38204992
1006029503
1022937194
1032379002
1006031776
52915342
28984007
52542838
39796879
51989446
5216380
79988183
52906857
79059033
20701151
20697816
52764854
39801795
52011206
39766839
52010844
4139344
52635986
79114152
19365943
39623996
52483378
39566583
38141523
52885578
37697728
1047372657
28690378
26436168
1118468585
79959514
1033723291
21017692
28866345
1032415055
52366414
53005570
80381545
21025278
39794020
1022962620
52759415
28652563
51640049
65782069
41619052
1097638551
5991485
51688970
1033680140
1022959653
24310904
24806692
52126461
80463417
103368146
41619052
52277865
28936227
55170782
51559923
32200380
79409247
1013624980
52832464
1031149834
2719139
52093162
22145282
52161312
98394993
80214230
1013644952
12997729
28788105
26460805
1023888506
1085244302
1113619133
9857875
70830325
1084220873
51946551
35565212
80218331
79106253
52261598
63370856
5787133
33025345
80745589
64585891
77164830
20789550
4255935
51998182
50906790
52585095
28868230
38264742
17703688
89004883
4103258
79348745
51822539
20871056
52584354
20700088
52886112
52989182
79244473
52794025
52395657
79716355
53072216
83251784
23757116
28646816
79328623
35415182
1019081949
52494082
51714924
65759546
35497468
51893202
11374524
19272214
37535145
1002487691
20789611
1110463141
52836911
52616677
23221415
11814649
65823807
20856116
52883254
33703034
39046966
19613971
51686269
11686421
11407053
52973001
1033707594
1012415676
19107088
52747622
52969867
20774316
53072008
1068736553
52360461
20901876
3021290
1030554518
50992826
1147687880
52535614
65741637
51818013
51577033
52487424
1069230029
52039338
80267435
10822155128
1030604032
23433034
80458884
1071579037
1060356464
39563527
21135211
28879623
63061498
28836694
52839195
63366633
1030561420
52070225
52070224
1030583658
4296436
52251292
80796407
52038217
26558833
39640764
19103931
36089796
52872687
53089862
36183776
34594146
52015569
65797526
39640873
52877703
1012349576
6764257
20816762
24758395
26331230
52465293
52241796
52545242
52456120
51749363
80261443
40371561
52859959
52168126
52883170
41767851
32878470
39715591
39658634
41675037
1057462776
46379135
51765851
5277160
28740677
65748974
53073790
7302396
80777291
1030624743
65732710
41477066
53165211
52795952
52389466
1057463026
38256930
39718181
1001061696
4121215
53132991
23966685
105294658
33273403
51580937
1030593399
91218851
1013601582
52842581
1030644974
28440539
37332127
37182451
1013624533
53131254
9024161
1016043403
72432397
52768316
7350479
1063953434
55173307
52016109
53074690
52842677
9514324
1013616236
39319804
36522534
32694660
1026558503
20699198
23965448
462991
35410867
12115842
41686839
1022397981
1103713361
52735870
26492060
93119347
52874949
52016109
1030544078
35493005
52303561
1003481551
51640856
36556294
38202417
35410867
63420131
52039580
52873346
1030549136
63353566
1033677152
41759240
28993727
38201331
28611987
2943889
52379090
52825804
308319
37182815
3155095
39639920
38385091
52749944
28787866
52119657
28936371
41684780
79299017
28686376
1006070170
52033211
53135017
1024507320
28481126
52749944
10123176
24756649
39799646
1024497075
1024511794
52160723
1024477581
1001277662
1002456517
55199704
53106620
79295251
52749791
80768543
1044913353
1033690795
20816454
79366486
51734013
52533862
51782684
52291507
41634084
52937881
1033691200
52235546
52362483
20369939
51966735
79796822
79804620
1033680873
51743774
39798094
52235828
63304540
52456674
45780946
41466513
26927466
52748350
20564576
93478700
1033691200
20767453
52467595
1031161130
59663563
1082065016
3115792
79272025
51872811
51586163
33701168
93290602
52374318
1019024698
1026276761
52500020
5202476014
20476681
79866651
52305812
51969729
93127876
51846304
52978265
20390148
41553477
1130652833
39649356
24130240
13278178
51720549
53013241
91271851
20939105
1121855216
24716234
65714346
52382030
52890998
80441138
18182664
52755963
17636336
17185899
1030545496
65767848
20461999
52356872
79458413
52974639
12961836
23492272
6613589
6151740
6023953
45715872
26428865
24551673
52645014
12133374
28976121
38015402
17144520
34551002
40601532
1006530843
39281454
40692277
20679741
4937465
79274834
21047030
14270271
79658149
52457390
51834510
1052070596
37670958
51900577
39551910
1033763782
30083993
28612788
52016405
53115121
101236309
40043931
6098623
52536790
52342553
52240937
1055710231
53031193
24870101
35496296
1030534689
24091328
79638158
51825560
52332782
28935599
13762083
52909380
79322311
80413000
51615225
39751623
39656352
80268521
65788573
19111304
53323488
79733752
41681718
52059812
52538326
79803636
1014222233
26067670
1085272103
16825770
52762462
1114875828
39746472
6772445
52117226
79480583
1072422507
20859717
1012401709
52476118
41699920
52280768
50912974
34525112
1022368704
52441030
19143651
39706661
52376420
43632826
19993115
41717924
55058122
1016033626
1077095163
15049749
36758034
52646289
4130141
79410033
38604005
51766593
41684492
38604005
51640858
79262811
41694149
23619930
12880159
41724971
21810903
52791488
52196172
20634455
52322169
51901082
1012387696
19371992
1012380017
28821850
79712693
52474808
42989488
1100546695
1111335125
46354045
39640580
52772325
16070130
1030591650
79483273
1016035106
37241034
1073691651
22606839
80851819
52450262
1030655306
52844786
186897
1030583537
51941439
48041072
52292597
51742468
65807712
52954124
19289893
517424468
51659162
3047006
11227272
65800565
3236266
41383681
52097292
52015471
1488162
21135726
20685707
21150291
39705296
23498988
19481574
33055660
20312543
21110153
52503279
52972436
25587604
24178258
18600946
78914571
46683129
80191578
25276071
34986351
39756990
1030616848
52388748
1016039204
52486914
79332591
41759763
35603179
53011781
35524310
52858584
1110509069
1104699060
19122173
39764081
91427224
1022331131
4428357
39642148
51618578
21135726
23315627
79811764
1121000287
72325505
23966373
28864642
19228081
39705296
39635619
31385260
52318025
47439156
24231518
40763140
28928965
39629172
25276071
52748002
1022379493
40443315
1030550653
52977748
52980314
52952673
3236216
20685707
39756990
52485641
20312543
52015479
52466676
52273677
1012404027
25562013
80139974
1012320666
55057112
37241220
86065896
63272289
52748603
35466271
27697020
52059044
52620798
79480538
52076676
36278947
7997044
64478881
36165481
20409849
52464284
52299915
28955035
39764857
39712781
1073683977
79968790
1012353176
79827354
39800006
28800730
52229985
65827707
38144915
27897310
77150801
40770710
5299106
55062479
76304281
35329988
1016035794
59121728
60379072
1010207910
52978413
1030644672
6331230
24672510
52242327
79654459
39314089
40326386
65587613
24010716
3457997
93238892
40769071
65827707
65713135
51955310
55183486
97612348
21135739
65790397
79045545
52740041
51827901
1030617758
14479090
1030579596
60304527
52737769
80502160
80826581
1024479366
22999716
52972219
19128715
52113472
52704978
3644588
5880572
91202958
51910431
1010208446
52130578
41746896
39747648
2409675
51847809
93453909
19084249
1030631990
39633932
1022345176
26067139
19225128
52431138
24197213
103061978
1030638641
52696769
52299680
41623535
20363915
40778588
1026564199
1117265786
59833926
28732416
79850524
39751251
80458571
37696615
20698878
4961671
11425281
4132196
52781128
51858212
40685052
31292911
47439156
28262336
79628456
30336591
1067862195
51917460
1016039395
14993115
79129391
52184116
51640858
79992589
5219548
15920902
42063486
24231518
30205756
80802837
51617975
79996114
41767553
1022340755
23607115
1026579285
1030562403
1120360825
53009572
96030402631
1108455214
24081791
1018424982
51834246
52589370
1073677306
1010161382
80183964
50986946
28487496
22100907
1019017198
53061309
1101174451
21014246
1022339055
52351627
63319197
41696907
83058822
12982300
79158778
52364953
1022329166
1032417123
63311199
26137170
40316531
60314821
1020744157
52393468
1032364536
52796484
51747102
52806473
80738283
1005043330
24872374
28727871
40416624
30083376
43207807
5889005
24765116
52133203
16113912
38200980
46352855
51964321
1022341736
46679352
52412343
65554769
65733298
41663527
15950448
52725043
19264575
1121855216
52382030
1024465891
53894160
52085746
65796148
51873817
51989272
1024462203
39531150
1108120767
39800602
98653570
28882727
41553477
52879260
23623058
1019005226
392154
52867770
37698052
39567729
80880684
79658728
65726712
24162612
35511888
25633988
52801250
19498223
20953375
36180402
69029985
28846353
52440491
1073165066
80457652
1088728414
1022354510
17035767
52251439
79509013
19104186
27537939
1032369234
49739084
10479739
5633149
23681922
43277825
41429757
19088042
9350240
55067030
28914737
1013695214
52046212
52930495
38550889
52834959
21095090
39582778
80131147
23399683
94368203
18340443
53893107
41768991
27982289
52165178
51747079
1026267448
51968614
52585302
22028746
41406871
26471317
1114068
79500450
39688585
79781587
52391391
1015406979
52799921
35513225
1019049792
35497513
80873339
1019029869
23731304
30066723
52254058
39543151
28967689
39572939
52971972
93419971
60410746
38175331
40784860
1012361269
1116723011
1012342751
7350673
39812928
4726302
5884670
1012357827
1193530108
1032378717
52995710
39543151
41309891
65792189
55165723
38243396
1030540670
1077966667
80458512
1030552140
1024489990
52311499
1001343696
35990371
52251662
20816347
41745671
60379072
194835
1058844080
52463881
27537939
52318710
9350240
52320053
1015994814
1082126378
39659636
2487903
79994306
5864000
28742437
5910788
68246086
65785834
41937574
52855700
1053825430
24870101
35490508
1032371168
1116723011
28742437
55115752
52754268
3045736
1087110425
39099936
96340663
37577766
1075020417
12125411
40784622
413425
35251306
65828418
98657056
17623606
93397200
413436
43844002
40447030
20428899
23875480
51904727
52373310
52314960
28553835
74339047
65501516
51728289
93349286
52990040
16891196
36069458
23360422
23360461
803845961
17654510
86008871
35892962
38264211
17634411
40769490
79918526
20462061
80224140
28930075
39321650
1106769678
53118226
20572414
91131123
7843660
3246242
6026129
17654098
26117196
51842364
30738128
1106393219
29870750
51923601
1030559035
55164168
14013967
52847888
41702426
1046427392
19242111
41536317
52277032
24729946
1087114478
9985016
40390440
1097665901
14259850
43485879
40363144
93343059
14195657
13643192
1111336442
24688522
39710348
1124216553
65556730
7926493
25135477
64553078
1014228803
28168664
36163739
17082367
65697570
1024550502
1083893142
1087114473
1105783135
25126988
52758267
26689635
52748492
2067845
52243575
11521210
1005848965
65501175
8760608
20993592
22236532
13490002
2971520
49686903
1018428705
51771477
36086526
7333833
4451206
17189849
32375372
52199941
1020724361
43145975
51873200
27981840
45623052
21015352
43740020
29953095
52451074
79384058
38201233
1067072
86039504
51915328
11516114
1019082184
52874541
1016072097
35498048
35507462
4567459
109864633
55131042
65499741
85441553
41351272
1032356367
52302863
20667084
1022952388
1030330824
52917201
51614847
40092874
79311224
79334118
1032442665
52750744
52741297
72243383
32880118
39718763
23532266
65789467
14275649
33237854
79220020
63303376
79727916
12502968
20547137
19281074
35490508
53094336
1088945319
35336101
26601550
79994589
31236630
66872882
379048
52842477
1032363854
60164961
39664200
1113784775
17656585
16185115
21202202
1032469894
52501702
1117516056
65552464
385837
52757189
41724352
1004200387
1038439339
1042439324
52749770
9990209
14214743
27469356
30350533
1024530356
28205612
1121882443
52526717
26616303
12795973
4898214
52460637
39311609
28852508
40779790
46643938
2252996
52988756
52645741
65828415
65742043
28892435
28194152
40086249
4939955
3298825
15368865
1004200387
80057637
28891435
43444963
24041867
52462884
73541622
1085038788
52037502
1022333060
23690943
63253573
51980587
40778195
52160300
66949180
38210605
1110463832
28994836
27805039
24188281
1072026260
52445665
80016334
52897293
53093245
20429890
51695076
41584903
80737742
1012366816
1075625965
40449663
3278558
88225070
52016405
40446938
52665691
37313629
52911908
51915532
64572269
1032397099
1012421441
52761316
28930254
1012419061
52312303
20426952
1012364010
1012357524
1105059016
1110475796
1014233597
60396944
79637399
40985034
1032480105
52072311
1073130556
26637829
38253004
1030564831
1030551237
51668658
1030528695
20384996
79770239
1193530108
52326264
52431246
40386875
1018423415
21119080
1111784602
39716104
83218041
52188087
23964453
59683575
1032376599
42060328
1012362760
1013584472
4090160
28642468
21118391
28782573
52123050
80355350
40091797
21119275
39677625
65718940
28648063
57298412
30020727
52313991
41104347
25353872
52259067
80577919
19476461
39617887
50868794
52194514
77153232
20303148
79279902
39766787
52046142
52202547
22853313
1052076650
39779354
36169934
24850339
20828588
52645667
35510417
412346
52413332
28722538
1069731968
2655389
52899266
28627801
63435422
51896263
45477928
1015417821
1026260280
5270769
79690204
52492958
45647646
36505721
615441
17312802
79471799
80139209
77016265
41738654
8427125
91003649
51747858
40401455
28588102
52388416
28949671
93361969
1012399162
20829702
52039542
1676479
51909228
63253762
12991490
52131793
79642116
1087123574
52755744
52618927
65588115
24314792
52299251
28687715
53905055
22897229
19835708
1111333946
11324780
51941947
1106779166
79922769
51661198
52771707
52635121
51703806
39745309
1014211990
30206244
23978396
28686433
52767678
29990626
1499493
25135988
1016028158
52320122
10693755
1032420590
79855511
65815255
1016008409
24809431
52437518
52783783
712852
40758380
1016059982
52255895
51613212
39724056
39582340
39760260
20916346
52993071
5816425
28914400
39530726
17019692
39760491
59833926
79849764
93435374
39718362
41784253
52322676
80010479
27070299
35317241
101603498
41597210
28262336
52275033
1016042465
35314536
52321566
63465822
51799148
52228884
26254221
30562626
6872522
41795263
52206400
71115473
52988884
52889595
19283701
51731548
32270353
40421809
79634155
96167568
52074342
35437401
36622214
40272406
52827953
26039414
55160762
52117776
79797055
52530472
12130504
28312956
80722493
52165824
52713784
51572409
19228584
52291981
38060010
17064538
19431098
1055551525
1010200406
1010173418
28437596
22505764
52547128
1024462583
39617074
41535886
36380645
79424569
1022931465
25031781
4174449
52292294
65741906
1003561010
65830236
79709834
37933168
4296874
1084251011
52873486
28867878
28787808
52772399
4563475
52885245
38885188
79368961
7164881
52176200
32637952
1042350398
1042348447
52526509
52313503
51732131
14946571
4145284
1024495711
1024483352
52218555
1192920482
11885727
602856
50976063
1111336094
35323292
35322883
41627805
41458195
21200603
19385632
52844070
51982146
26537785
93341225
65717164
41528682
28936367
79660716
1022353416
1012400286
41338042
39633297
53095133
1030604523
52179590
1022392583
52238474
52985726
51680987
52236695
35200167
51663345
6442051
53093324
51766661
52758774
52479484
36544952
52910213
1033751933
80466966
1012372482
52713496
24308447
1053795451
38255774
1012394516
1000119033
51628817
353286001
1030590280
20572856
7212953
41951500
1024509940
65790631
38202804
65790633
38143202
52192945
97510067
39762337
1004342519
11297480
65801368
79921933
41949945
6511183
3020490
16115345
29309498
1010166494
1012334980
1084576133
1108928842
28853236
51713995
52218087
27129647
21112195
10173210
70907398
33338962
1026278058
1022093119
52870807
79285797
1012339599
52713913
51664237
52354393
52279672
70907398
24315725
20441420
20780936
36165510
52170963
52550616
80188477
1030605175
5836733
1012329086
28944597
52468005
1013576644
1016019909
1012417359
1012358311
3135225
1105612173
1030645435
79658802
39796529
52430336
1022341401
52431621
4881815
1030530345
80256689
20851310
28984159
1022353279
24368126
1032359052
65787343
40728130
93201282
20876260
1005771227
3004416
1024556699
80827699
49669340
28152057
46666217
60321870
51942641
51780271
26784528
26537858
14317440
20461999
52203625
39796397
39653325
52039895
43435394
39655672
79108292
52192258
52761710
52843691
26331230
1030569352
80108264
51817754
3528489
52857851
45368824
19199773
51823719
20781903
79660994
20878969
80248655
52306314
39611873
51550950
52022457
55151974
28798342
32792616
55302021
51959495
52768628
4109599
78727231
19246562
22758058
5230972
21094588
11794089
1023890341
52188507
52014331
24578660
46375991
2284138
65743163
45372426
16139176
93420209
38288877
40404775
1017178825
39730082
1109492047
52973062
42780553
1006095385
51759455
23498919
1076220381
80756411
33185029
51858267
1023946402
39794
41763779
52888035
93087074
79649454
20865867
1024529607
75052189
79418472
1052572573
53088969
40029036
1087113779
52886135
40611758
83249905
1013610389
24718120
51669936
63420016
41306116
28865495
28613405
35314078
1120472054
20939883
39758577
52445660
35890772
52880152
1032375091
52726070
53072629
52768628
51673856
52443951
52839544
24784735
52472285
1024495822
20408774
14279344
52298086
1030571027
51933088
52780469
1069832066
79851721
53891362
38201172
39660357
38289789
36709767
57723792
1024462960
22201243
79426545
39796323
3236150
1024547107
1276930
1055478789
34638962
1012415790
41432762
1000117644
8794027
43119683
1024504403
52298266
1022336799
79715126
52814185
1098100974
37327641
24018275
34371017
28929341
51816581
35589352
35503263
13761089
24573546
39522133
52465203
20996392
79580722
5789915
1058974616
51816581
30508177
28947685
66978039
91219394
4929066
79639638
11377581
28930050
1016020426
52179459
39545925
79055857
26477812
52848362
52980697
80084366
80234920
1032433048
41928173
52218608
38071073
26520842
3860312
1030615994
1016063877
27327318
52774199
1110450365
1012385304
52760374
1022332362
52988137
1033759231
52751163
51894593
1030648901
39949603
51723986
36587577
39677685
52479936
23498988
52701656
36711879
39491113
36183146
32825570
50977912
2924991
51973068
52655141
26433513
1120566126
17321837
53044517
93022219
39741249
52539318
1023894082
52166440
53155126
51900428
28904936
80913099
52227306
51944444
1023873394
52280426
21203852
39689389
52449317
52447368
53016496
1023869274
53045063
39718136
1023869571
80235487
53044481
52880088
52014258
52167901
1032437298
52282876
3256488
51972547
25996496
79525870
50910272
52231612
52098043
51692164
41776008
1015430554
52010797
53155958
52522433
28867721
52278003
39720953
51895590
386188
52232475
17588759
8788219
1033679717
80151578
1023904390
51664330
24719861
51963341
28487268
38362946
38201980
52439713
6674179
52734356
52855868
1026577547
51581188
52910203
79393250
53048160
31555015
51944671
51719213
522790187
79974166
52479927
51774686
1023880776
51715706
30519951
53153926
52290363
35487710
52709385
52365792
96185353
41715701
51624107
19773556
53047050
53013287
14470936
43470855
41533966
51552231
28725090
79807773
80371017
347971
1105055824
53154842
1012358469
52243441
1018423352
1032371381
1012344917
51773333
28687180
51759455
52740112
41653506
41738727
19772834
40930792
52372409
19351338
1013617106
65781460
1023871326
40775017
65808750
21200301
52210448
1024468853
52278870
53047940
39684712
79741575
52271857
1026565951
3252714
19366543
28878832
1012384925
1012364224
28687050
63434923
7685234
66831182
40332667
28697906
26215408
26571148
40666311
30340712
52217949
65795830
52804325
5963325
26501705
79902255
39745873
2963584
1024493579
1024472515
1013610190
20408460
52755809
34638042
1033677923
11374617
80321336
20905751
24868529
52036152
2393905
57440509
113502917
5880773
32207033
27404612
80187438
28548343
86004479
218171
60729657
1086044434
19113450
52024525
1001273454
4414648
37535369
28951125
26477984
23533154
52238818
52251241
38203579
6772156
41683088
5880773
91456183
52960052
52352354
52306104
36272193
41626543
52366723
1032373446
39696499
17185515
79425056
28647986
1005728533
79500114
29155685
78023641
2372773
52884991
27149929
51977368
37318280
51988539
52713978
3078314
69070807
26501486
79881810
39774834
22585473
52808008
1010166044
33216866
1080260605
65789149
27149609
33817748
20697817
96331575
55196353
28160944
22564550
41700647
80470592
43547310
1063354399
65810276
51897605
37834673
8427125
40772144
39140215
30610173
11811599
38143648
34341268
5983009
93345665
80055007
41682602
52215823
1022383055
41710640
51922467
52147811
52065630
39668928
77194432
1104697018
80124020
52694361
39527494
1020754300
28915920
20470455
41688512
28915772
1026565097
1020712407
41655517
28918128
1058324118
63371099
3110930
20368854
35289913
60282738
52191140
16237047
20312655
19159727
39541311
7301622
21113484
21016006
40448822
39661847
36585563
39520625
28717282
7707300
21846956
28995450
1094914151
53007412
1024477471
65712139
52242050
40081479
26428901
24196779
3020147
79537344
65739383
53165661
41702273
93349248
79300010
24059438
40768468
52644057
41758276
3220929
24163241
11382246
1012344148
37218504
52465201
52839790
1084252
80723987
79835932
53038836
1075542892
52829051
52957974
15034846
93335513
51736188
52147908
52634891
52178404
52635435
3019522
39661762
79991131
52255629
26428901
52635458
1012320580
79574442
1058844521
52546066
21042289
41551848
52748306
51950670
5868825
63395397
1055246422
1013607697
21134547
1074959362
8032156
52532149
34570421
39677583
1012355848
80140155
36166841
79481907
1022361909
14704423
35516015
11429890
1024520089
35494791
1024502285
39654992
36641370
65809444
52716988
35880104
1111334818
21023572
16249473
3044173
52004960
28656962
5868828
17718032
12096313
2268075
12000022
51699508
35775128
1123205483
38340017
66815415
28612316
20633642
26521429
79767549
80489253
24091074
17698767
40771207
1109490139
1117506920
52212789
51915592
1124314268
69016278
1024474170
79979926
1032406268
1023890229
80424490
26436360
31474440
1023868411
65745840
17354191
1013599273
53120312
4902685
1074959496
1013640463
52728191
52905944
1022936586
79755839
52089873
53039072
28723623
14515037
26349740
52364877
1110479781
35463979
52903328
52520269
1033680603
51824871
52128786
28637688
87945586
1096213452
51909767
17099355
14233634
1013606770
31474440
52351171
40600254
51714602
49670276
63493957
20500305
46667044
80926318
1110060586
1014185719
52787848
1064980846
50954936
98061153390
1016012043
26000919
1016027871
38203146
32203534
1014259918
39533000
21945329
40657375
8675735
43450997
1014196804
52251974
39413421
34964980
52218795
52491603
37255002
23497865
30205899
52183382
93287676
91461521
55161588
1014176667
14200418
28928252
41468755
52381905
23782917
1016073324
52335955
1014206971
51743445
93296990
5904692
17657145
5216347
52338900
34533130
39420329
40727525
52299654
52128729
51725308
1107067949
55131937
10186347
1094889720
21178772
79343302
1030568659
38203449
65726488
16079668
52733583
1012406819
1023903463
98382143
91017825
1033688045
1033771190
1033702043
39794185
1016045423
1030629742
24198527
1013645813
52287091
51569973
1032478193
11032395542
10223850026
41767435
51661171
52303471
7994185
20699970
32877392
23574648
79725672
142003755
51719805
28469582
52468110
65712222
5207020054
52900202
1032367012
1023909751
28612042
80498943
39631758
1024549641
20369809
1024472913
18923117
31031253
52367406
66743372
13705784
65788789
1024486710
39742471
28688690
52856661
52155731
52288171
83043778
48657651
20916796
79770979
14479181
79518380
51972087
52635332
1024473484
37625658
39652074
31880278
28438547
52544774
79660716
52241535
79923056
1070967557
1024501785
12575291
53007632
91325508
1006186993
1010043256
79735649
52431581
28657879
5878052
25489975
51912966
33068730
12020775
1024472622
1111264189
52356872
3006129
23883105
27738101
52756233
28992604
51552720
52726634
1061709864
20816835
65691529
80158742
39805237
28916238
45581197
1026554426
52322768
34602177
22507576
52804325
65496126
63252413
5983313
1110116818
30505595
28863005
52747991
20369855
41684492
79893286
14278220
64893106
94300156
2195811
1083734
12092483
12906412
5771746
2954327
5830303
12241825
10186144
12340028
2978340
5999829
12091815
348681
10698427
3283743
10777676
2834509
4296659
6877165
4450908
3535995
6000754
4090166
14090114
3253333
3154880
4480677
2988090
12273488
7722015
5869451
7714521
3235671
7275764
5886895
7707953
3254308
5925979
9935033
13701266
12400806
12256628
6801200
41762782
20914999
93450200
6013961
52754193
53930045
201915963
52495824
93418322
35518437
28975512
60397424
80059335
42088201
1022350027
1030532090
65693619
41711973
65769226
65769225
1030587574
50996357
51981469
4250196
40261067
35485009
80109094
79110817
103240653
1004247248
1116436561
1016001860
1015424236
52501150
1778821
38196790
80005277
17089420
51703776
527455521
80000163
24804504
52466843
52294215
41796839
53133365
51677673
39654628
38201172
20687917
28721426
35331627
53036791
21970275
79110462
52635885
39655143
1024472622
79359172
28271312
1069710971
8075699
38201579
52066340
41711145
1033779591
1030522749
41686730
51593602
80048360
52443269
39800644
1079177707
79312080
79307219
52496348
46667320
1016048956
10661590
1085258440
1024530614
41580962
52754662
51853929
1024461058
1097664019
1024508814
20816197
83041195
51720996
52298154
28688067
20926280
26911239
39651806
39693960
64523614
24469916
74242812
4065207
52096953
30386954
41446903
1013630336
52904056
51962149
63351299
52231731
93020277
63255023
52427084
10238890519
1072338298
17181297
52729419
28741239
21061827
35325906
52431868
53045004
51900452
96361230
79352631
1032421548
6031319
52165506
16462424
52955043
66981113
17668654
52952442
4376282
51993377
53015911
17164477
52382428
52382428
1010226470
39701236
1040206544
1026264534
53016073
41413086
1010195575
52314873
80770446
19611927
57404455
52384640
1013632751
1018963118
51619611
79959899
51851374
80775286
1010207439
52900119
80209012
41428915
25138459
24511857
28647660
28710587
7504355
80201061
22464838
19330968
6026800
1309038
20381415
51652209
40028740
1010214833
79903393
52636102
46676670
25220461
30875452
20697457
41450701
1010215977
1010193367
1010193366
52223694
22884652
21135931
14275848
23730530
20566363
20933509
15673686
20314567
19079509
20427780
23109553
14980861
18390808
20389815
22433588
24718259
21013404
20698863
20618797
22241245
65741637
1115853666
20504813
24198323
1076817499
93449449
79376850
52829952
1030594179
51784711
2910471
52013151
1010160339
52277483
30066215
33216866
52296537
51564746
1043440744
1078346074
28879215
16361924
51943368
1010196589
1026256783
40732317
51852009
71322937
43868232
39753078
1032404215
51954050
1010169601
51550323
52410461
32891731
9298988
41539590
80458566
39698533
52764644
19457818
28205283
52362154
55160759
39545992
79623415
19149656
52717291
30346626
51586110
36179575
57427914
52809095
28684500
41754857
52712974
6670946
21015564
39553472
9533831
73546634
12265274
93338857
52395790
79716150
23964776
39813313
24873066
1306273
1030622184
19475208
39761504
93476221
1030641641
20887354
1026558776
1121878021
53074775
1065127225
19153952
39762201
20824175
51791364
20816753
39639441
41212830
19300058
3521698
52334881
1015437405
1012374411
41777403
1016081500
53134331
456867
20699709
1022934722
1049657243
52469173
20410509
1012385901
21000165
20905765
1030599934
20916326
20750240
52210380
19399382
11445669
22433588
23100578
2300524
79820628
52286098
1033712729
1003652618
21075509
1022344541
1022973532
52341442
5857420
39616256
5889560
52067116
439224
65800890
35376029
41499125
5972202
39774906
52937002
23415479
98475049
